x y z normal_x normal_y normal_z
-0.03137094237 -0.009629866165 0.003780127606 0.1416617762 0.04335064203 -0.9887515029
0.03072424067 0.02390778415 0.02107502519 -0.7885124259 -0.6135382108 0.03305029356
-0.01560190108 0.04187067207 0.05963357136 -0.3490414447 0.9368865099 -0
0.0193102042 -0.04028862874 0.01879631439 0.4321102689 -0.901438154 -0
0.004722816938 0.02743666551 0.004220104094 -0.009577408747 -0.05346416693 -0.9985300675
-0.02493298829 -0.03707537351 0.05081542339 -0.5578576009 -0.8295854118 -0
-0.01193193184 0.004096065953 0.004494575658 0.003008908421 -0.0006387791596 -1
0.02870955293 -0.0335420127 0.07160945611 0.411132212 -0.4786360611 0.7644563878
0.002484784474 -0.03846648194 0.001881361932 -0.03910582902 0.6033079998 -0.7953580461
-0.02753659579 0.02681039268 0.0138055799 0.7061513826 -0.6875980418 0.1631196929
0.01064416251 -0.04355588164 0.02385799144 0.2940666826 -0.9555672612 0.01696322275
0.02870350989 0.03423956919 0.04763369291 0.6422876657 0.7660627232 -0
0.02116623035 -0.0393453796 0.01169786026 0.473661767 -0.8803454298 -0
-0.02749875663 -0.03516689931 0.002707235943 -0.613223176 -0.7842286317 -0.08414744637
-0.02691469489 0.03566236433 0.009534819977 -0.60225008 0.7979193258 -0
-0.03231693622 -0.03084889781 0.05961709289 -0.723076214 -0.690291808 -0
0.007062241218 -0.07463404168 0.03152339835 0.917294358 -0.3505251962 -0.1180636795
0.0385790702 0.004694379802 0.01944530757 -0.9910558266 -0.1206108152 0.04723764588
0.002101274009 0.03838574775 0.01382513474 -0.05399671543 -0.9844576744 0.1624802524
0.01265619526 0.0370253153 0.04772090871 -0.3233203482 -0.9460167051 0.0008729361954
-0.03757532653 -0.01091016264 0.04617351975 0.9600239653 0.2786705763 8.115395054e-06
0.007100030202 -0.03838375057 0.02607436245 -0.1817423426 0.9828262625 0.01673882321
-0.01878384353 -0.02599812232 0.008142104773 0.03131806728 0.04322349054 0.9975619991
-0.007415840365 -0.0008133564632 0.004501000047 0.0002787058739 2.007307228e-06 -1
0.02954480104 0.01042021394 0.003952001863 -0.1026455686 -0.03666206667 -0.9936192886
-0.003114104089 0.04457020124 0.03849394491 -0.06970943802 0.9972378349 -0
0.02952830645 -0.0004827370688 0.00813093919 0.02404106678 -0.0004385670881 0.9997050642
-0.04245094491 0.01396361317 0.0195384569 -0.9498887755 0.3124190793 -0
0.00133689807 0.03906213337 0.03079029133 -0.03425045914 -0.9990485038 0.00941290843
-0.007169217127 -0.06291815956 0.02066228414 -0.9611581695 -0.05845821779 -0.1689229178
0.0438377319 0.008634471166 0.006346799533 0.9808432724 0.193212048 -0
-0.01809613331 0.04086288909 0.009522287308 -0.4048672794 0.9142611142 -0
-0.03287333212 -0.01898643464 0.002261796625 0.4354692376 0.2515746796 -0.8618789459
0.03904523097 0.0163366174 0.07175050395 -0.3237012499 -0.1376670137 0.9258134179
-0.02216401736 0.0222943213 0.003940388191 0.0787078811 -0.07934974776 -0.9932903687
0.04301351999 -0.00374458369 9.641577277e-05 0.2761801234 -0.0229676737 -0.9563453572
-0.0209347519 -0.01464492864 0.004312742928 0.03097865518 0.02121495244 -0.999226722
-0.03405508476 -0.02891942959 0.02916042551 -0.7619914705 -0.6470506936 -0
0.02808513315 -0.03476057713 0.003707681573 0.6283933994 -0.7776177841 -0.01529714826
-0.01639294482 -0.0415679569 0.005827726593 -0.3667385274 -0.9300955782 -0
0.00593204408 0.03889667405 0.06048767557 -0.1502995367 -0.9862059345 0.0675583215
0.03444080788 -0.01367871847 0.009884300008 -0.7109754851 0.2825165175 0.6410338119
0.01519409341 -0.03559851018 0.01626212883 -0.3910313772 0.9161699084 0.08279085947
0.03880936363 -0.002639038524 0.02018188522 -0.9964866374 0.06770110618 0.03959375584
0.004986599799 0.04440648707 0.05119227276 0.1115408481 0.9935774819 -0
0.02714240112 -0.02807970204 0.02733619708 -0.6947123212 0.7187716591 0.01412256595
-0.03439544802 0.02852107005 0.05101785696 -0.7696272487 0.6381385553 -0
0.02277299827 -0.001381670246 0.004387288961 -0.02337884705 0.002979174963 -0.9997089184
-0.01828576733 -0.03459337841 0.04351105328 0.4672702637 0.8838266384 0.000644478052
0.02395251131 0.006789529832 0.008353031054 0.04926655417 0.01395548228 0.9986758477
-0.03797689129 0.02353127165 0.003805552404 -0.8496411725 0.5265301144 -0.01137994833
0.006962957221 -0.0488580444 0.05744516978 0.8867226738 -0.02220525753 -0.4458475652
0.00600707654 -0.07369149313 0.02648820313 0.6031616205 -0.6578145274 -0.4267909438
-0.002210832097 -0.07755089411 0.04623243565 -0.1360542698 -0.9598001766 0.2374958603
-0.003860793166 -0.06620338842 0.02604005768 -0.2455345502 0.5631096244 0.7820995817
-0.04430925231 0.005723488929 0.02990943371 -0.9914167041 0.1280780171 -0
-0.0007734669672 -0.07144733348 0.03776028827 -0.03865272309 0.9950298927 0.06198682907
-0.02692391584 -0.01547278899 0.003984909085 0.08803851217 0.05055181933 -0.9945512799
0.006201298372 -0.04432188729 0.04642092868 0.1361595398 -0.9901413857 -0.01801569494
0.03896598752 0.002546820066 0.02670259358 -0.9974915612 -0.06516898387 0.01498648433
0.001368994609 -0.03110085599 0.008113861507 -0.000832721849 0.01230932186 0.9997863985
-0.03648701846 -0.0257895444 0.03456827001 -0.8163724758 -0.577065113 -0
-0.007565685603 0.03774582909 0.01437059501 0.1941702501 -0.9688582406 0.1446437717
-0.008377749048 0.04388526084 0.04370513181 -0.1874376261 0.9819143407 -0
0.03729011945 -0.02462035064 0.06416925283 0.8343134263 -0.5509416034 -0
-0.02671854288 0.0358128603 0.05193620898 -0.5978535687 0.8012906887 -0
0.007512019323 0.03709185751 0.01123950021 -0.1837472036 -0.9070915431 0.3764811738
-0.04466665075 -0.0009719746469 0.04979284437 -0.9994182307 -0.02173333487 -0
0.01136848033 -0.0432559099 0.04559794239 0.2659525978 -0.9637899304 -0.005602980712
0.002681333058 -0.05646183209 0.02324393242 0.1513819688 0.07110529062 0.9832761882
-0.0430858469 0.01185097338 0.03816232052 -0.9640270956 0.2650653616 -0
0.008595456631 0.03125045344 0.0081578442 -0.01851373361 -0.06866087869 0.9964295255
-0.02806855691 0.02584881292 0.002130845197 0.3950626167 -0.3649116287 -0.838981437
0.006479443577 0.006890366753 0.004500918821 -0.0006812456788 -0.0007552644788 -1
-0.03208799617 0.0223861044 0.03917070458 0.8198402894 -0.5720156892 0.002060264423
-0.007227817304 -0.07465455653 0.04084635142 -0.9849869011 0.06270805974 0.0003138177143
-0.04444469833 0.004697017577 0.05142735457 -0.994426623 0.1050609796 -0
-0.0353629166 0.01657364804 0.02749535667 0.9050813521 -0.4241805013 0.01390555185
-0.04465634168 -0.001367281899 0.01489769108 -0.999181622 -0.03057239761 -0
0.038691858 0.005754657058 0.03515687213 -0.9889260622 -0.1471241119 0.004785122062
0.002771594509 -0.07668592389 0.04872919754 0.1781430212 -0.9204795148 0.3388420644
-0.03846771322 -0.01045250188 0.06530177182 0.9544792613 0.2593403201 0.1458980839
-0.03891951231 -0.02195080256 0.06246562901 -0.870805402 -0.4911388259 -0
-0.02285170752 0.03839498383 0.004496069068 -0.5113055552 0.8590797816 -0.003855937924
0.03702341154 -0.02500863707 0.05427354239 0.8283552799 -0.559617158 -0
0.04075758795 0.01832762265 0.02966632847 0.9119060091 0.4100438429 -0
-0.0005475617352 0.0009453693293 0.004501000047 2.059929906e-05 -2.734817069e-05 -1
-0.02050910613 -0.03360451686 0.06084033165 0.5192617271 0.8509523074 0.07293956688
-0.001855412181 0.03907847506 0.03573070018 0.04748616697 -0.9987312912 0.004395569242
-0.03659504124 0.01387175974 0.03999550292 0.9350061607 -0.3544305957 0.001500336207
0.02012318956 0.03073276874 0.002839059058 -0.1977012021 -0.3020166862 -0.9319510525
-0.0267140106 0.02858943584 0.05037134165 0.6824999957 -0.7304405022 0.002354237665
0.03370451538 0.02932973431 0.01032194657 0.7541267263 0.6562300709 -0
0.02897959914 0.03381461026 0.07097538644 0.6098248006 0.7125220229 0.3236131965
-0.03509775634 -0.02765058831 0.04780838967 -0.78534551 -0.6186698479 -0
0.02644513421 0.03602263077 0.03291381548 0.5917254426 0.8059899003 -0
-0.02788396782 -0.004257276816 0.008183727102 -0.03878832354 -0.00587162141 0.999170968
-0.01386625714 -0.02683309387 0.004060479589 0.03920445813 0.07595041932 -0.9962497231
-0.03404912157 -0.02847403168 0.001415323412 -0.720640105 -0.602187416 -0.3389442181
0.0343373309 0.01872566598 0.03484050507 -0.877617848 -0.4785766661 0.004999893154
0.005749679759 -0.03866793592 0.03120194456 -0.1469834934 0.988901934 0.00885161925
-0.0279291763 0.03337655402 0.07186361308 -0.1309573329 0.1537164655 0.9679050277
-0.03629407962 0.02607043422 0.05757213329 -0.8120623003 0.5833410854 -0
-0.008761221097 0.0381351382 0.0472930118 0.2238559565 -0.9742830868 0.0006337887288
0.009198163864 -0.03810912924 0.05758972059 -0.2344332121 0.9712546113 0.03216790198
0.03967358188 -0.02056158568 0.06133332031 0.8876976235 -0.459989546 -0
0.01546320998 -0.0397183431 0.07184621579 -0.07982377759 0.2081136259 0.9700668646
-0.03605077913 0.014511093 0.01941155681 0.9261273294 -0.372811455 0.04758789699
-0.01305477785 0.04272910355 0.007832872633 -0.2921164189 0.9560875566 -0
0.004127035568 0.0398875158 0.06679389965 -0.1012993126 -0.9790628513 0.1762438093
-0.001576477875 0.0393176247 0.06056716323 0.04004360742 -0.9965608051 0.06877123865
-0.002652220593 -0.07625263723 0.02876860205 -0.1692108371 -0.901298432 -0.387975858
-0.006888385742 -0.07224938921 0.02603907644 -0.8574755825 -0.3956910252 -0.2860457941
-0.04407180327 -0.007370161529 0.01811143389 -0.9861180884 -0.1649697528 -0
0.01169501096 -0.03734246886 0.04129916926 -0.2988017971 0.9541126328 0.001182823905
-0.01389814934 -0.03207106895 0.003378928906 0.09522395671 0.219017869 -0.9707344784
0.03075594867 -0.01950984029 0.009338321738 -0.5190282952 0.3303480352 0.7721775415
-0.03530763202 0.01408756213 0.01189018699 0.8776332419 -0.3500112227 0.3133607827
0.04423044443 -0.006320730738 0.0355110319 0.9896654138 -0.1414702439 -0
0.01076457134 -0.03814248331 0.06357215764 -0.2697739716 0.9555116413 0.1157464579
-0.03453587058 0.02835672016 0.06740161862 -0.7727775168 0.6344617035 -0
0.006186465992 -0.03386719779 0.003483505081 -0.03926226072 0.211596268 -0.9756076678
0.03736221189 0.01092618758 0.02095782979 -0.9589562803 -0.2803799746 0.03343267011
-0.02826230333 0.03461654148 0.0190539197 -0.6324417545 0.7744950055 -0
0.03110407579 -0.0237731683 0.05488300984 -0.7941952174 0.6069352206 0.01342708128
0.01761367136 0.04106261354 0.01518503253 0.3940665535 0.9187465404 -0
0.03142797619 -0.031767203 0.04326214723 0.7032031742 -0.7108814421 -0
-0.01957222441 -0.04016357368 0.0670543036 -0.4379908362 -0.8986467424 -0
0.0446881516 0.00014751219 0.02039243953 0.9999117075 0.003298369802 -0
0.03271865641 0.02136598873 0.02890318871 -0.837096054 -0.5467310307 0.01198597286
-0.03496780449 0.02781996373 0.02554919376 -0.7824434918 0.6224570666 -0
-0.03936950399 -0.02112178617 0.0227148453 -0.88088585 -0.4725504658 -0
0.01161768856 -0.04326986369 0.0571069988 0.3120944245 -0.9499900168 -0.0003592177369
-0.03580585137 -0.01558630788 0.02660922901 0.9165761642 0.3990318166 0.01511378691
0.01596475106 0.03746588756 0.06961985577 -0.3736833335 -0.8770464176 0.3008868175
0.01438868636 0.04230038625 0.06237278927 0.3219160607 0.9465151838 -0
0.02730472791 -0.02733896111 0.001819493267 -0.4387675136 0.4394061048 -0.7829107757
0.006699908086 -0.05432429259 0.06019217634 0.8010538315 -0.01320329889 0.5655973319
-0.006131184671 -0.03676782917 0.01023388476 0.1339820038 0.7988404783 0.5717766965
0.002776601522 -0.04423748889 0.07150443275 0.04874676737 -0.724082718 0.6559315503
0.009613019199 -0.04367439912 0.03546651954 0.2190350062 -0.9754621867 0.003983023892
-0.03391705391 0.02546756401 0.07178760974 0.2500512437 -0.1867355483 0.9431839916
-0.01680008891 -0.03525428971 0.02742161718 0.4300376262 0.9023117147 0.01400609565
0.0312963639 -0.02339728145 0.02957247553 -0.800668407 0.5985470215 0.01107340028
0.03971259277 0.002280252646 0.0004971979784 -0.7237639769 -0.04177158449 -0.6790822685
-0.04427963717 0.005947925869 0.06594769951 -0.9907585884 0.1331106695 -0
-0.02010099406 -0.03188339223 0.01097281795 0.4781407954 0.7564106836 0.4282721948
-0.03054761919 0.02388651657 0.01764646307 0.7856757157 -0.6143074879 0.06590529042
0.02700687521 -0.02900969322 0.06360571351 -0.676340134 0.7266793327 0.116305464
0.02854109578 0.0343783378 0.02734212513 0.6386632524 0.7691667606 -0
0.04158983285 0.01634010044 0.03574238495 0.9305868699 0.3656405148 -0
-0.03810060004 0.02333191763 0.06307636699 -0.852459061 0.5220905041 -0
0.03910553944 0.008043872518 0.0003482892292 -0.5990572938 -0.122173809 -0.7815379711
0.03835070957 0.007435401639 0.02862135858 -0.9813187977 -0.1902970272 0.01237024824
-0.001410567634 0.04465561062 0.004880299769 -0.03160057331 0.9991557136 -0.001228718942
-0.03208611394 0.03109204156 0.0420976569 -0.7179181781 0.6957507279 -0
0.02806024351 0.03478345186 0.05721322967 0.6279261736 0.7782302077 -0
0.04192761966 -0.01544112058 0.0563889374 0.9381625438 -0.3455205892 -0
-0.02674672379 0.03257760978 9.999999975e-07 -0.00975488067 0.01200954701 -0.9997239275
0.0434977516 0.01020136704 0.03875793497 0.9732233975 0.2282058708 -0
-0.009419488784 0.04368540138 0.03822057152 -0.2107579922 0.9774163258 -0
-0.01126924585 -0.03712722476 0.001658466178 0.1910490176 0.6340962596 -0.7444688703
0.03778331549 0.01020056083 0.03940857487 -0.9653614027 -0.2605182397 0.001898782178
-0.03899213348 0.002502070469 0.02914633363 0.9976215694 -0.06397985428 0.01165444475
-0.03176140919 -0.03143407928 0.00533871724 -0.7106622114 -0.7034299573 -0
-0.000271216365 -0.03911378187 0.03353690045 0.006941517859 0.9998145404 0.005884867068
0.04071829907 0.0001981119394 0.06956655563 -0.9544027971 -0.004627568054 0.2974766653
0.03588436801 0.01549595036 0.03074395314 -0.9177522715 -0.3963411555 0.009476090549
0.03914739751 0.0006220286988 0.05495106572 -0.9994770044 -0.01586931706 0.01389828898
-0.04253433707 -0.01371200317 0.006795195949 -0.9517529108 -0.3067809463 -0
-0.007478065628 0.03920658877 0.06568607311 0.1851690833 -0.9700839888 0.1537137021
0.01387024276 -0.0425128522 0.01843031496 0.3311547052 -0.9435652184 -0.001723656191
0.004322579104 -0.04451440264 0.03286080313 0.09226330735 -0.9955819346 0.01016776947
0.01702516315 -0.02703884184 0.003880086863 -0.06652427973 0.1063134853 -0.9915825274
-0.0445078253 0.00390930709 0.01202948767 -0.9958403416 0.08743503026 -0
-0.04380458303 0.008813520971 0.009719974918 -0.9800962602 0.1972116832 -0
-0.008993816579 -0.04379404995 0.009588541505 -0.2024422583 -0.9790475136 -0.01185953937
-0.01967431344 0.04011484938 0.02260935929 -0.440282039 0.8975591449 -0
-0.006492239741 0.04395954769 0.001555291619 -0.1388551872 0.9415421466 -0.3036928154
-0.02574583651 0.02946644819 0.04175319091 0.6577821036 -0.7527929028 0.001072320519
0.03667197532 -0.02547835972 0.07023651596 0.8157395325 -0.5669262003 0.09441611275
-0.009923558338 -0.03782403238 0.03203798017 0.2538151472 0.9670986637 0.007711684699
0.02364370891 0.03790946225 0.004418824948 0.5290114461 0.8482418732 -0.004384102948
-0.01754863761 -0.03497911552 0.05089622462 0.4484509237 0.8936815055 0.002647589709
-0.03624864494 -0.02613658025 0.05874402163 -0.811047308 -0.5848189982 -0
-0.04440024044 0.005033939568 0.04553486634 -0.9934386676 0.1126159358 -0
0.0337407153 -0.02928736611 0.01472108733 0.7549388424 -0.6552822053 -0
0.01096122203 -0.02397311406 0.004279032958 -0.01760755568 0.03940442656 -0.999008461
0.03973265365 0.02045275818 0.05179947226 0.8890209146 0.4575493955 -0
-0.007528000938 -0.03839791697 0.04766832697 0.1923094543 0.9810061957 0.000843548769
0.003097865192 0.01188978435 0.008561000228 -0 -0 1
-0.008298405213 0.03810050314 0.02369859688 0.2127321106 -0.9766259909 0.02449029658
-0.007239507445 -0.0552158444 0.05877265633 -0.9897862932 -0.000443207275 0.04975194258
0.02582099068 -0.0364654185 0.009815754094 0.5777444422 -0.8159132221 -0
0.03514222101 0.005148482944 0.003222645832 -0.2712525837 -0.0390028961 -0.9604711347
-0.04202044086 -0.01517905792 0.04197086664 -0.940242403 -0.3396494378 -0
-0.003431515858 -0.03897764913 0.04363868046 0.08768202369 0.9958234771 0.0006134151397
0.008682764106 0.03797746023 0.02228461807 -0.222740008 -0.9741051342 0.02910372278
-0.00907373659 -0.04379119037 0.04086406851 -0.2053746342 -0.9785433328 -0.003119822661
-0.009896873636 -0.03265206647 0.008359760294 0.06116906008 0.2059257945 0.9729937013
0.02948612584 -0.03357089255 0.06307153137 0.6597524267 -0.7511054693 -0
0.02762984858 0.01741078941 0.003798506338 -0.1215957702 -0.07708955588 -0.9892720214
-0.003941444042 -0.05089999707 0.06186549992 -0.2913958426 0.009456646535 0.9534052437
-0.04408439515 0.007302147941 0.01669184314 -0.9864018473 0.1634504574 -0
0.0103158262 0.01924029914 0.004409576566 -0.008367785092 -0.01795880555 -0.9998123897
0.02144848049 0.03919217369 0.06696716419 0.4799629757 0.8769134012 -0
0.04074241909 -0.01575153693 0.0003091455939 0.5482022388 -0.2120010772 -0.8084399638
-0.02515636874 -0.02167430226 0.003728874453 0.1209905183 0.1043410736 -0.9870417387
-0.02153028496 0.03914777007 0.03290716135 -0.4817892529 0.8759186975 -0
0.03899769374 -0.003175567197 0.04760062428 -0.9963371314 0.0811100856 0.0008057103837
-0.02324021884 -0.03317608241 0.06877023469 0.5553479473 0.7930465989 0.2465279142
-0.001246270401 -0.05979304589 0.01673754966 -0.07437742034 -0.155219912 -0.9830829865
-0.01486141939 -0.04213635045 0.04350938631 -0.3358448855 -0.9416036723 -0.0007784906403
0.005305605985 -0.03910268258 0.06192861087 -0.1337044355 0.9864835421 0.0895458239
0.00702482723 0.04413573767 0.01736422061 0.1571571037 0.9875588548 -0
0.04463936776 0.002018156692 0.009394327467 0.9987920449 0.04512594578 -0
-0.03871711455 0.006099629248 0.05654071696 0.98741707 -0.1556187106 0.02490477313
0.001901539015 -0.007523998271 0.008561000228 -0 -0 1
0.0304247334 0.03271960583 0.01240634292 0.680738087 0.7321050426 -0
0.001572527802 -0.0684565393 0.05890530039 0.09353705493 -0.4973872763 0.8590234102
-0.01025500475 0.01418092829 0.008555861933 -0.003599984977 0.00494738359 0.9999532798
0.006145230131 -0.03865450855 0.05110445277 -0.1569655667 0.9875926363 0.003002144892
0.007156648361 0.03808173993 0.01705622581 -0.1841415392 -0.9797864216 0.07203052205
0.0444136202 0.004932541701 0.03301406014 0.9937359963 0.110342245 -0
0.01332841594 0.03634644547 0.01633597466 -0.343004897 -0.9355429612 0.08037611025
0.003901411441 -0.001963095118 0.004501000047 -0.0001242268279 5.460458034e-05 -1
-0.03283826236 0.0302997429 0.01604339893 -0.7347259516 0.6779625056 -0
-0.01234797115 0.04293856331 0.03078317526 -0.2763361049 0.9607492102 -0
0.002934084271 0.03906149507 0.05599077248 -0.07488877897 -0.9965703079 0.0210970479
-0.02273571712 0.03187418579 0.05450996822 0.5805112139 -0.8139375897 0.01199242226
0.03624069252 -0.01673786768 0.06570795536 -0.896566015 0.414144085 0.1541587261
0.04317019229 0.01156620474 0.03226592222 0.9659042702 0.2586822485 -0
0.01994703507 -0.03998468683 0.02958415048 0.4464027802 -0.8946537265 -0
-0.01859356179 0.02330008803 0.008128012609 -0.01109290599 0.01400230616 0.9997190024
-0.0117410401 0.02886714233 0.008113464395 0.004808335892 -0.01225932907 0.9997882898
0.04454977717 -0.003374481423 0.03068531587 0.9967802466 -0.07546850589 -0
-0.02838375249 -0.0269306267 0.04555261826 0.7251574643 0.688089152 0.0001475857976
0.03849942252 -0.02268134314 0.03463203316 0.8613942706 -0.5075137208 -0
-0.04136593152 -0.01385059955 0.07184953139 -0.2400321766 -0.08092058246 0.9594390364
-0.002434790564 -0.05574688776 0.05536916852 -0.1330454317 0.0480834644 -0.9880236972
-0.02740869664 0.02783963358 0.02832900286 0.7013505805 -0.7124661913 0.01276887526
0.03636243289 -0.02597092219 0.008937414592 0.8135892845 -0.5811176699 -0
0.01409918304 -0.03440848253 0.002633692756 -0.1545065472 0.3802376086 -0.9093286677
0.01817691212 -0.03456466911 0.02705117773 -0.4653100666 0.8847474063 0.01451118983
-0.01036640021 -0.04349402721 0.03399033072 -0.2379985407 -0.9707941483 0.004654537533
-0.03004267996 -0.02434000121 0.001795966233 0.4872028493 0.3946812559 -0.7772941803
0.01000997133 0.04249541937 0.0003036398738 0.1332050725 0.5646458214 -0.8124182907
-0.00704262221 -0.07562411429 0.03554410766 -0.9101487897 -0.3999760858 -0.05266444064
-0.0116220089 -0.03755162154 0.0598888868 0.2949615593 0.9532761376 0.05975451434
-0.02908949002 -0.03390978305 0.06377977992 -0.6509011506 -0.7586859214 -0
0.0271234376 0.002477275134 0.004245361008 -0.04919890743 -0.004906260371 -0.9987454385
0.04162788654 -0.01624817649 0.04767150268 0.9314414827 -0.363586893 -0
-0.03912783125 0.0215670181 0.04261079117 -0.8754720399 0.4825335392 -0
0.003254679926 -0.05099328054 0.02310206784 0.1950058246 -0.03291450985 0.978737218
-0.003091433119 0.04457197956 0.05690509793 -0.0692031553 0.997277677 -0
-0.01226698265 -0.0007684310534 0.008561000228 -0 -0 1
-0.01519304606 0.04148799326 0.0009496874237 -0.3010115213 0.8202527637 -0.4801725704
0.0337700358 -0.02925304953 0.06315698815 0.7555966246 -0.6545144714 -0
0.04428364079 -0.005917584655 0.05064349814 0.9908475578 -0.1324303145 -0
0.0309663641 0.004869380169 0.008111598706 -0.01693545613 -0.00273012096 0.9997971753
0.02798410621 -0.02735751159 0.05175226526 -0.7148839469 0.6989619551 0.004712315941
0.03513200219 -0.02760595328 0.0359771701 0.7861102708 -0.6176718126 -0
0.03716685326 -0.02479980759 0.04194534946 0.8315597097 -0.5549512428 -0
-0.03903424299 -0.002708871653 0.04608125626 0.9972737262 0.06918570614 1.892169405e-05
-0.02852105934 0.026883281 0.05709068851 0.7271197571 -0.6853846107 0.0287126858
-0.04108376198 -0.0175608611 0.01084040991 -0.919237515 -0.3929128475 -0
-0.02918417608 -0.03296789704 0.07167787912 -0.3552938769 -0.3985603794 0.8210952267
0.02808891888 0.01382771941 0.008111936356 -0.01472607392 -0.007189387004 0.9997955672
-0.004959664943 -0.03943381387 0.06451994546 0.1235960316 0.9831419045 0.1315356254
0.006374574399 -0.05061142321 0.01796550235 0.6981209839 0.01479022327 -0.7090042144
0.01921864907 -0.01980559115 0.004231966998 -0.03670261877 0.03720564724 -0.9986497701
-0.03842660966 -0.007372999762 0.05026703979 0.9817446616 0.1883858516 0.002295944357
-0.02419741518 0.03757002301 0.04349985375 -0.541390039 0.8406648437 -0
-0.03384563828 0.02916456475 0.03327364328 -0.7572927058 0.6525348814 -0
-0.02230929325 -0.003138779414 0.008464364994 -0.03692957476 -0.005270575169 0.9993071953
0.01155909485 -0.04324678675 0.05131829801 0.2900415172 -0.9568599225 -0.01025614639
-0.04445504788 -0.004582142853 0.03072687806 -0.9946578971 -0.1024894789 -0
-0.007322904999 -0.04463358285 0.06076076672 -0.4125482424 -0.8821632259 0.1808012949
-0.03991268914 -0.02009769697 0.005934574447 -0.8930486619 -0.4496023201 -0
-0.03782895368 -0.01032996928 0.05766539668 0.9640627679 0.2631957109 0.03269187079
0.01536998874 0.04195281418 0.0559645518 0.3438562856 0.9387270814 -0
0.009122594051 -0.01915723273 0.008505366664 0.01143311764 -0.02390392982 0.999613191
0.02489814882 -0.00827120834 0.004283690944 -0.04016595794 0.01309957572 -0.999052462
-0.02252981883 0.02865460387 0.009364904256 0.3858261445 -0.4885482984 0.7657924331
-0.04033816354 0.007359889145 2.109331085e-05 0.08580470702 -0.01493637696 -0.9954660441
0.01686542083 -0.03529114984 0.03578033014 -0.4310662137 0.9019272703 0.004361877107
-0.006133059013 -0.06872056319 0.05160283 -0.6209031994 0.5626443118 -0.5289108556
0.00312069426 0.02460351075 0.008357811275 0.006385999741 0.05033003073 0.998701686
-0.0385696136 0.006600476092 0.05078806289 0.9854251647 -0.1686797885 0.002587139158
0.005952195791 -0.04466013486 0.0530457163 0.1612096714 -0.9792289165 -0.1140811391
-0.02929988579 -0.03373001833 0.03231780821 -0.6555963167 -0.7546648648 -0
-0.0438814771 0.008398186488 0.004096165473 -0.9817902459 0.1879338934 -0.006590322004
-0.02548395193 -0.03669692517 0.06049030169 -0.5701964489 -0.8211024623 -0
0.004132228323 0.03892056405 0.05003065838 -0.105553025 -0.9943620133 0.002163833063
0.03057301074 0.0235121444 0.01505467544 -0.7855237193 -0.603984637 0.1222744298
0.0387353676 0.02229005102 0.05778305933 0.8666803008 0.4987455182 -0
-0.02976103915 0.03333600326 0.004892211514 -0.6658873582 0.745851362 -0.001147271096
-0.04193577511 -0.00102929869 0.07158962333 0.5236003266 0.01265394691 0.8504993201
-0.01029629492 -0.0141607045 0.008555820327 -0.003613980031 -0.004966710482 0.9999529015
0.03862334683 -0.00639604251 0.05391809063 -0.9863329226 0.1634057976 0.0104299147
-0.04099439462 0.01777649974 0.004624009774 -0.9172141588 0.3977303101 -0.002981129506
-0.01501767623 -0.03611676853 0.03597418199 0.3837643383 0.9230249405 0.00423027752
0.0431561898 -0.01161360639 0.03593258985 0.9655926194 -0.2597447037 -0
-0.04104103043 0.01766397003 0.04940242496 -0.918278916 0.3952163468 -0
0.01676387366 0.0162066556 0.004376351554 -0.01913005542 -0.01676428283 -0.9996665092
0.009533986659 -0.03792203907 0.001377048429 -0.1791087215 0.7125094972 -0.6772861712
-0.003897709407 -0.001274336578 0.008561000228 -0 -0 1
-0.01179438276 -0.04321531218 0.05785081367 -0.3132659731 -0.9496084058 0.001076390002
0.02971140827 -0.0103082325 0.008113549536 -0.02011303929 0.006927048157 0.9996165881
-0.03886008688 0.004590769589 0.04056994441 0.9928275254 -0.1172893784 0.001360308426
-0.02803632737 -0.03480180132 0.008670022849 -0.6273901222 -0.7786412663 -0
0.04293694053 -0.006072714785 0.07188593834 0.1191213539 -0.01875306675 0.9813271014
-0.03178133063 0.02213139836 0.001725418809 0.5298312228 -0.3678732535 -0.760452434
-0.02305832717 -0.03161002267 0.03600401209 0.5893196456 0.8078347301 0.004210026853
-0.02220198453 0.03878317026 0.01754760622 -0.4967848843 0.8677511478 -0
-0.01518998891 -0.04113596767 0.07177192705 -0.1360199175 -0.3767840133 0.898934306
-0.01741376774 0.04114536751 0.0278292715 -0.3895913732 0.9206050351 -0
0.01523685772 0.04199888149 0.00382299639 0.3408626485 0.9396809588 -0.01068176708
0.01890424881 -0.003007231815 0.008543265911 0.01290990841 -0.001962218008 0.9998591744
0.008611559712 -0.04360746954 0.07126097531 0.1737981415 -0.8510993659 0.4707192428
0.01816683344 -0.03465796327 0.04812833726 -0.464239136 0.8854775783 0.001100644093
-0.04418485136 -0.006666255767 0.05960105382 -0.9886522318 -0.1492181099 -0
0.04389641784 0.008317485771 0.06313360362 0.9821657646 0.1861311915 -0
0.02777522194 0.02756889463 0.03939886029 -0.7096631304 -0.7044838438 0.001905377086
-0.004512347858 0.04446052262 0.0197132124 -0.1009346854 0.9947805551 -0
0.02136952475 -0.03923503101 0.05999512729 0.478200296 -0.8778734658 -0
0.006945000216 0.01684353387 0.008552352542 0.003384705774 0.007980028129 0.9999213706
-0.0006173380155 -0.02710564853 0.00425017744 0.0006283345409 0.04859820423 -0.9987798404
-0.03719968449 0.01220396245 0.05337777552 0.9500842268 -0.3116893785 0.009003527769
0.004767063971 -0.06569583927 0.05326227008 0.3528614296 0.4944069219 -0.7897978305
-0.03530774642 -0.02737689343 0.04071056021 -0.7900349009 -0.6125500554 -0
-0.04072647086 0.01839093945 0.03152671845 -0.9112314686 0.4114588775 -0
0.03974808666 0.007141594076 0.06827208915 -0.9597857655 -0.1724282591 0.2195732912
-0.03244382 0.02205752734 0.05830608867 0.8260107675 -0.5615907326 0.03990789668
0.006246286447 -0.06478161529 0.05897334928 0.6557959221 -0.268964706 0.6996926151
-0.03866375049 -0.02241328506 0.05129107767 -0.8650758708 -0.5015076068 -0
0.003364562051 -0.07033284629 0.04717253096 0.1978067836 0.8968811275 -0.3865896383
0.03805772488 -0.01722320913 0.07143608922 -0.557451885 0.2533335434 0.7769306753
0.009431868884 -0.04375846608 0.06472834516 0.2283187663 -0.9726448194 0.03547270362
-0.03746756749 0.02436201309 0.0287529343 -0.8382775436 0.5451695205 -0
0.03769566552 0.01144226104 0.06113340955 -0.9535954198 -0.2893638955 0.07741169753
0.01915727476 0.02372585431 0.004041006155 -0.056046542 -0.06943758189 -0.9959715318
0.02172964408 -0.0333194323 0.06471221684 -0.5411331317 0.8298981058 0.1347386683
-0.03485493081 -0.01701424687 0.01781532839 0.8963016463 0.437514662 0.06415287778
0.03252916747 -0.0211662622 0.01808304111 -0.8363208455 0.5442948495 0.06137466889
-0.02968095497 0.01694917548 0.008369077289 0.1914146451 -0.1098482589 0.9718256527
-0.03273730707 0.01323612205 0.003284970145 0.2411259921 -0.09727387736 -0.964881371
0.01744643627 0.03541346392 0.06209347118 -0.43998104 -0.8928267167 0.09206145841
-0.03235167458 0.005678896418 0.003776546342 0.1466955185 -0.02586411319 -0.9886500751
-0.003839478459 0.0256307288 0.008298257928 -0.00754922207 0.05064305284 0.9986684712
-0.03657672573 0.01392342216 0.04533928768 0.9345382159 -0.355751559 0.0001995078825
0.02919102172 -0.02606823667 0.04315293973 -0.7457650174 0.665989483 0.0007316385644
-0.006755545463 -0.04863012856 0.05715528219 -0.8180712874 -0.02989452849 -0.5401406914
0.04279217235 0.01274926755 0.002863516002 0.9554619304 0.284689112 -0.06523756299
-0.00379774919 0.04451657593 0.02974923925 -0.08497643784 0.996036394 -0
0.01551148383 -0.0419041847 0.0413169819 0.3489962496 -0.9369035977 -0.0003650428797
0.01009995236 0.02480025472 0.004263297195 -0.01807091273 -0.04256390931 -0.9988735498
0.02169738453 -0.02835682831 0.00887377587 -0.2829701637 0.3675237411 0.8781946259
0.01752583706 -0.03498999172 0.04256721198 -0.4478664201 0.89395896 0.0008741976236
0.04467384953 -0.0006959331318 0.03934821304 0.9995834536 -0.01556105177 -0
0.04361237465 -0.009723768458 0.01406471891 0.9757845847 -0.2175412511 -0
-0.0222474006 0.03310835059 0.06551774869 0.5511546091 -0.8202066785 0.1502904521
0.01593199752 -0.04175473113 0.06046191207 0.3615578739 -0.9323249111 0.0006583022152
0.03999591072 -0.01992351835 0.03887053429 0.8949042601 -0.445709692 -0
0.03189996108 0.02319969022 0.06158071477 -0.8057564003 -0.5859703833 0.08423721191
0.0434731366 -0.01030393005 0.02426418837 0.9726733895 -0.2304960691 -0
-0.02715710842 0.02387233041 0.00911208383 0.4160974624 -0.3643618878 0.8265197832
-0.02822345018 0.02707547295 0.03444215307 0.7213281108 -0.6920547799 0.005270321109
-0.04372246737 -0.009257059294 0.0108732764 -0.9782457775 -0.2071194937 -0
0.001800717631 -0.05142585118 0.05525749894 0.09704108348 -0.04880866732 -0.9936190282
0.03409830768 -0.019018247 0.0263752714 -0.8729712364 0.4868616209 0.01575703959
0.008309505482 0.0438978953 0.006324474451 0.1859102276 0.9821990591 -0
-0.03423183431 -0.006273505689 0.008499027683 0.2909222691 0.05374984165 0.9530070161
0.03878454499 -0.004516599035 0.02643591414 -0.9929348243 0.1156306938 0.01555917892
-0.02554999968 -0.006941943473 0.004275411658 0.04235204607 0.01241114419 -0.9989600789
-0.02716535298 0.01063540343 0.00814309388 -0.02710881771 0.01055937242 0.9995865502
0.01577422507 -0.03903718444 9.999999975e-07 0.005112125094 -0.01166897042 -0.9997725966
-0.02668948715 -0.02842648465 0.0240416168 0.6840069682 0.7286066552 0.02337111639
-0.00968948993 0.03471769611 0.009014417127 0.1415152982 -0.5069479546 0.8499792803
0.03393290003 0.01279425845 0.009200745994 -0.5402784281 -0.2040785217 0.8052231721
-0.03371572457 -0.02931661514 0.01721701733 -0.7543781953 -0.6559365675 -0
-0.04292140148 0.01240588249 0.05234638042 -0.9603672633 0.2775320164 -0
-0.008026649925 -0.02350778066 0.00434038985 0.01084211412 0.03063630119 -0.9994241935
-0.04457098014 0.003104174213 0.06076023996 -0.9972552857 0.06942048311 -0
0.04465134587 0.001558849382 0.06081351909 0.9990669604 0.03485584293 -0
-0.03351830488 0.01981834679 0.02132184877 0.8601091175 -0.5085863188 0.03224497573
-0.02194737996 -0.0389213701 0.02971304469 -0.4911008607 -0.8708470192 -0
-0.01254085005 0.03748988898 0.06269829795 0.3155287775 -0.9433112997 0.1012906237
0.01711450375 -0.03548314514 0.06114539813 -0.4330547411 0.897469336 0.07759463367
-0.002007085999 -0.05111341188 0.02328876421 -0.1067453927 -0.03368609328 0.9929904535
-0.00723226875 -0.04439974894 0.02510705659 -0.2047576769 -0.9743349225 0.07557951833
0.03497320766 0.01099851895 0.002869980675 -0.3371946586 -0.1060333563 -0.9353572623
0.02266541786 0.03293719248 0.06612135406 -0.5591349131 -0.8123676285 0.1625661045
0.001054670089 -0.03914016493 0.05512921956 -0.02695970774 0.9991333683 0.01513179696
-0.02667237176 0.03584828469 0.0390926907 -0.5968186988 0.8020842547 -0
-0.003646271736 -0.04455051308 0.04185549732 -0.07938258615 -0.996508887 -0.004825236438
0.0384898585 -0.007252121426 0.001297579119 -0.7359733771 0.1384600178 -0.6613908934
0.03157178209 -0.02375104295 0.06246764374 -0.7950429744 0.5980531534 0.09777102777
0.0302717124 -0.02842229549 0.07122273874 -0.53316091 0.4991995143 0.674593881
0.01480973648 -0.04215172435 0.008350489833 0.3320749391 -0.9428581982 -0.0007014307479
0.02946961923 0.033584996 0.01844464458 0.6593840673 0.7514209414 -0
0.003138773312 -0.07817188451 0.03999182008 0.2063015605 -0.9753629796 0.02234092023
-0.008734981949 -0.04046815309 0.07105543411 0.1656777997 0.7681014261 0.6114370301
0.01864001109 0.03399686221 0.01754405873 -0.4794167532 -0.8744077461 0.06696799916
0.03800892817 -0.02347392524 0.003629825 0.8502625376 -0.5251887773 -0.01841329388
0.0152110339 -0.0004100003429 0.00448408708 -0.006430027641 0.001851857011 -1
-0.03536688534 -0.003396436028 0.00321929223 0.2735484098 0.02648751063 -0.9602338248
0.01059550693 0.03641215542 0.002278946875 -0.1398404361 -0.4781575896 -0.8648777524
-0.005167624171 0.01489853573 0.004481002051 0.003594482572 -0.006498162679 -1
0.03676166461 -0.01349364308 0.0553011783 -0.9383401086 0.3444590729 0.016322411
-0.0008310223152 0.01011857631 0.004500009186 8.083874238e-05 -0.001409747655 -1
0.03481073418 -0.01805657976 0.0578229515 -0.8870263881 0.4600757474 0.03384986653
0.03773088257 -0.01036034525 0.0377268139 -0.9641397714 0.2646422599 0.003040473884
0.02530435475 -0.02961249639 0.02212690976 -0.6491344673 0.7595679165 0.02961828186
0.0136241149 0.04256038246 0.04687139503 0.3048275565 0.9523325667 -0
-0.002990076562 0.03561254876 0.008887090316 0.04089145565 -0.4680043239 0.875536613
-0.00425239766 -0.01728460176 0.004463195319 0.0009663412589 0.01008990952 -0.9999826537
-0.009755207007 -0.04379730974 0.01637635307 -0.2709912312 -0.9616659678 -0.03189778711
0.01192852637 0.004555340738 0.008561000228 -0 -0 1
-0.008822203691 -0.03793743254 0.02198375289 0.2263501524 0.9732109449 0.03008536359
-0.04133602296 0.01695216891 0.05781206339 -0.9248964979 0.379314395 -0
0.01915367156 0.03412207896 0.04848679419 -0.4893895158 -0.8717791236 0.001300982223
0.03646259413 -0.01411281626 0.03124991861 -0.9324084232 0.3609648283 0.008786206636
0.03766284582 -0.02404599907 0.01756850352 0.8426516255 -0.5380902252 -0
0.02094973252 -0.03946289503 0.004671381055 0.4687952521 -0.8829447401 -0.002657223249
-0.00190308428 -0.07833326805 0.03767162735 -0.1130709603 -0.9904843606 -0.05269682425
-0.01474267481 0.03624359887 0.0447192872 0.3765982758 -0.9260009299 0.0003504085123
0.002066040305 -0.05888366559 0.06190616169 0.1281133806 -0.1300609562 0.9812303729
-0.01363336067 0.04255764251 0.06752461596 -0.3050339796 0.9522715873 -0
0.000458388166 -0.03906188304 0.02826754955 -0.0117512429 0.9996118194 0.01285266685
-0.00656150459 0.03857682772 0.04184070741 0.1676074375 -0.9856108351 0.001051020061
0.01916501871 0.02995946948 0.008812669938 -0.23475414 -0.367988205 0.890393433
-0.04466883836 0.0008880895529 0.02149217649 -0.9994684396 0.01985766574 -0
0.03982028745 0.02029131108 0.01827518528 0.8909840352 0.4539293984 -0
-0.01700576101 -0.03530139196 0.05661442847 0.433703627 0.900294382 0.02541513954
0.005944556373 -0.05960326571 0.05604415315 0.5751555964 0.1407742619 -0.791183823
-0.01598747481 0.04173410391 0.04206464074 -0.3576622068 0.9338264055 -0
0.03441561283 -0.01861812657 0.05142910017 -0.8792291963 0.4756053376 0.00385918701
-0.01489725292 -0.01359778311 0.004434276612 0.01099325576 0.009682064122 -0.9999183787
-0.04427410251 -0.005989870009 0.04735071373 -0.9906355957 -0.1340512022 -0
0.03899994832 -0.003094893981 0.03869479715 -0.9964982609 0.07905864474 0.002383342184
-0.03051126012 -0.01583156983 0.00840338126 0.2147989879 0.1117171524 0.9675250483
0.02020643609 0.03986088184 0.03962602971 0.4522245646 0.8918902182 -0
-0.03768102589 -0.02401634305 0.04426976569 -0.8430589314 -0.5374257518 -0
0.03044862445 -0.02428978752 0.02173454824 -0.7812178173 0.6231505159 0.03089845021
0.003810775881 0.04451555412 0.05751757489 0.08526734681 0.9960135008 -0
-0.03846671106 0.008648264021 0.06148333909 0.9719168172 -0.2184599807 0.08275133813
-0.04344544363 -0.01041931805 0.03536410136 -0.9720546057 -0.2330726452 -0
-0.03701489243 -0.0112464337 0.0161000221 0.9524041516 0.2892874947 0.08809172861
-0.002732798008 -0.04957940145 0.01648253056 -0.1897658852 0.00308186709 -0.9789582479
0.006903738752 -0.009266573811 0.004496129382 -0.001394145643 0.001825112396 -1
0.02078199396 -0.03274133695 0.01762653263 -0.5344917329 0.8421040012 0.06611212009
-0.002350780977 -0.04464501366 0.03620961232 -0.05097531427 -0.9986953163 0.002870239602
-0.02200774036 -0.0382255509 0.07163957719 -0.2938531782 -0.5097989555 0.7893898542
-0.0156830263 0.04184193795 0.05414736511 -0.3508552645 0.9362426599 -0
0.0004600748981 0.01585790223 0.00447786516 0.001182205348 -0.007140449068 -1
-0.01477945671 -0.04216689163 0.06502826212 -0.3348828149 -0.9419488951 0.002671114671
0.02066348273 -0.01026351105 0.008445851163 0.03726173951 -0.01850146955 0.9991775631
-0.01406087802 0.03543718488 0.002151740544 0.1957599005 -0.4949931948 -0.8426350923
0.003096591678 -0.04487436928 0.0253370646 0.07867867546 -0.97887487 0.1701410731
0.0424195971 0.01405211762 0.04971971421 0.9491863603 0.3144018992 -0
0.03506338305 -0.02769538945 0.04738054041 0.7845779032 -0.6196715972 -0
-0.03116976382 0.0320123303 0.01084167796 -0.6974211605 0.7163439247 -0
0.001211112554 -0.05458110825 0.0163080782 0.07313049704 -0.03598661804 -0.9948893474
0.02113292651 0.03936345699 0.009246061656 0.4729182619 0.8807503887 -0
0.01585844207 0.03571412444 0.02869603498 -0.4057875529 -0.9138111382 0.01226842697
0.01596770813 0.03576706229 0.05527032382 -0.4075775278 -0.9129859694 0.01610877969
-0.005651732183 0.01144660084 0.008561000228 -0 -0 1
-0.003144562542 -0.0457799129 0.05449282367 -0.211744002 -0.6297221466 -0.7269716021
-0.01595227053 -0.01748020232 0.008415781752 -0.03014485819 -0.033022787 0.9990150306
-0.0243333298 0.01874368362 0.008118256107 0.002548588971 -0.001492791771 0.9997654687
-0.02596412472 -0.02975118502 0.0008811361365 0.527640195 0.6046893888 -0.5960243126
-0.02487922007 -0.03711230607 0.04475787642 -0.5566534597 -0.830413258 -0
-0.01980185418 -0.0322244047 0.00234271163 0.2517846825 0.4099588468 -0.8760273374
0.04391358073 0.008224782415 0.05659703366 0.9825525315 0.1840603732 -0
0.005884503182 0.002886589928 0.008561000228 -0 -0 1
0.03817917765 0.02320373883 0.06406542774 0.8542195119 0.5192185277 -0
-0.03619845547 0.01826961358 8.45415253e-05 0.2000729305 -0.1007221195 -0.9712487945
0.03136922191 -0.02339167416 0.04918064357 -0.8014572945 0.5976434974 0.001688767966
-0.000371572672 -0.06744062083 0.05099811954 -0.01876689774 0.7019333397 -0.7062316411
0.04215604851 0.014796196 0.02518411303 0.9432809852 0.331071946 -0
-0.04136721025 0.01687691568 0.0124695315 -0.9255961237 0.3776332044 -0
-0.03855087234 0.02259741623 0.0221910094 -0.8625469511 0.505633253 -0
0.03686083844 0.01312209832 0.046286968 -0.9417965744 -0.3352622297 7.152053114e-05
0.02488117401 0.03711096394 0.06280160176 0.5566972184 0.830383174 -0
0.01048748592 -0.03768659382 0.03552109409 -0.2680987019 0.9631826167 0.004537863856
0.02375396358 -0.03120244774 0.05795531913 -0.6051670743 0.794903513 0.03550961694
0.02305308678 0.03827153206 0.02861917154 0.5158075663 0.8563240669 -0
0.00433506715 -0.04449971441 0.0662861082 0.09371676689 -0.995160483 0.02347003234
0.006589184825 -0.01526180866 0.004473312898 -0.003611371733 0.007007236849 -1
-0.03620974146 0.02619321784 0.03793568486 -0.81017822 0.5860844622 -0
-0.01808584042 -0.04086715003 0.05218113392 -0.4047604731 -0.9143099172 -0
0.007208396476 -0.0655606128 0.02187496073 0.9767876543 -0.04438727201 -0.1017654031
0.00160142124 0.04465055165 0.0284919251 0.0358762161 0.9990414793 -0
-0.01951905543 0.03411136381 0.05957968756 0.4957600554 -0.8663815753 0.0558774823
0.02746543954 0.02360084962 0.009162079983 -0.4306102601 -0.3685113052 0.8145107301
0.02944893099 0.03360267229 0.06507201648 0.6589223911 0.7518163323 -0
0.03739263213 -0.01123867546 0.02658019073 -0.9572177976 0.2876738762 0.01515338061
-0.03423016086 0.01895463731 0.04420356373 0.8745419493 -0.4842486276 0.0004759293753
-0.03609814108 -0.01506418017 0.03627259808 0.922494448 0.3849784 0.004027692741
-0.02099966195 0.01252976194 0.008375542531 -0.04205409522 0.02501558358 0.9987975278
0.03820550133 -0.01027456572 0.06292294707 -0.9603424828 0.2581884533 0.1049312795
-0.03192790463 -0.03125869619 0.05117726129 -0.7143827772 -0.6994923595 -0
-0.0444008558 -0.005029276152 0.05324518788 -0.9934523422 -0.1125113659 -0
-0.04324778528 -0.0112428989 0.06324907147 -0.9676380416 -0.2514629354 -0
-0.0006967150357 -0.04297060113 5.222744372e-05 -0.004520992904 -0.1844854818 -0.9792947631
-0.01669754412 0.04003203753 0.07188415646 -0.04574895079 0.1185635575 0.9802558239
0.008334312687 0.04389330255 0.02340158334 0.1864654519 0.9820955612 -0
-0.04051576225 -0.01883286202 0.04631720834 -0.9065234814 -0.4213351766 -0
0.000271644704 -0.04719826802 0.06242998257 0.01960188163 -0.09207806971 0.994343372
-0.02834525383 0.02846831048 0.06716854447 0.6929502672 -0.6960114836 0.1869352375
-0.03372415261 -0.01984017219 0.0381287629 0.8617193883 0.5069833281 0.002767604049
-0.002217470685 -0.005107166845 0.004501000047 6.937015018e-05 0.000141840793 -1
-0.01754111082 0.03498270591 0.04933432209 0.4482579706 -0.8937730972 0.001774657411
-0.0349980081 -0.01953049009 0.06671195504 0.8595389438 0.4796735475 0.174577284
0.03799594543 -0.00800305188 0.01853075549 -0.9766840643 0.2057370516 0.05672847916
0.03836013219 -0.007595159801 0.03274204961 -0.9806536965 0.1941887214 0.00675168601
-0.0131901932 0.04268897367 0.04793592188 -0.2951397302 0.9551944419 -0
0.01726553911 -0.03246703646 0.009641824918 -0.3290384808 0.6161151717 0.6992762173
-0.01189874807 -0.02338956199 0.008280640003 -0.02289276577 -0.04505094009 0.9986980773
0.001912386029 0.04157734907 0.07130172732 -0.03111009865 -0.6860110642 0.7124819534
-0.03674781129 0.01338558697 0.03394231038 0.9392617653 -0.3421654041 0.005609647722
0.03930917905 0.01984292025 0.000693412701 0.7204262662 0.3636913587 -0.5856861727
-0.0378049371 0.01290302038 0.06587875226 0.9341463995 -0.3187317588 0.1576322594
0.03251692473 0.02176459012 0.03962328527 -0.8307452896 -0.5561371059 0.001753022416
-0.03085094202 -0.0240674735 0.04138353201 0.78824054 0.614891749 0.001162291031
0.001954758996 0.04464118571 0.03410169347 0.04379194832 0.9988299912 -0
0.03236789934 -0.03079521425 0.005293629277 0.7242150538 -0.6890865362 -0
-0.04169464117 0.01608684245 0.04252386291 -0.9329413977 0.3599826193 -0
-0.04176001943 -0.01591430737 0.01759802816 -0.9344070986 -0.3561216848 -0
-0.01703202105 0.03204026814 0.00922391703 0.2757251059 -0.5145413754 0.7996574997
-0.01112089771 0.02317199836 0.004304904912 0.01580315921 -0.03515656786 -0.9991772187
-0.01412053368 0.0423953645 0.02234311761 -0.3159206304 0.9486433765 -0
0.03026832162 0.02480720442 0.04570349359 -0.773365267 -0.6337757078 0.0001108645643
0.0121169853 -0.03721621476 0.04702221496 -0.309561006 0.9509008468 0.0004824429825
0.02447433903 -0.03739041255 0.03474988291 0.5475861362 -0.8366470367 -0
0.02952423111 0.02556269334 0.02732616405 -0.7557182465 -0.6542921038 0.01413624599
-0.03328099139 -0.02033841637 0.02460686054 0.8526945698 0.521160754 0.02152688063
-0.01705146272 0.04129535068 0.01712697784 -0.3814805632 0.923973368 -0
0.0438646645 -0.008488997786 0.006205739583 0.9814502007 -0.1899624467 -0
0.03576045055 0.0267868522 0.02336948359 0.8001444577 0.5993567878 -0
0.03416108146 -0.01771829494 0.01421885297 -0.8766536693 0.4546076286 0.149605717
0.02835187174 -0.03454001314 0.04772687525 0.6344405519 -0.7727831858 -0
-0.04380861972 -0.008791717257 0.04133933903 -0.9801872273 -0.1967246293 -0
-0.0413686908 -0.01687334318 0.05329093916 -0.925629337 -0.3775533934 -0
-0.006019557196 0.0442701852 0.01339085686 -0.1346587811 0.9905485441 -0
0.01074854392 -0.04332474655 0.002657192911 0.2395683565 -0.9657201432 -0.09019897451
0.01545156792 0.02575377487 0.00812556934 0.006700367603 0.01071944651 0.9997306387
0.009384865945 0.01034323325 0.008561000228 -0 -0 1
-0.03819690848 0.008284233616 0.0298974215 0.97708739 -0.2119091218 0.01063033645
0.009052869221 0.01404343418 0.004474491127 -0.006810299991 -0.005444822766 -1
-0.03825478959 0.008263628859 0.04473381642 0.9773305886 -0.2111037901 0.0003468722752
-0.005601186534 0.004522792359 0.004501000047 0.0001799889736 -0.0001568364285 -1
-0.02022157784 -0.0398536551 0.04032532516 -0.4525643936 -0.8917289068 -0
0.01311279516 0.04271191032 0.02678862637 0.2934117254 0.9557049108 -0
-0.03076728735 0.03239441102 0.04958863873 -0.688408717 0.7248583141 -0
0.02512490407 0.02987903772 0.0262008379 -0.6433484111 -0.7649904655 0.01632616841
-0.004543955958 -0.03892932962 0.05690765357 0.1158868763 0.9926272342 0.02744538196
-0.007391224175 0.03844097334 0.05423708407 0.1887318973 -0.9816501489 0.01127203083
-0.04307687443 0.01188125035 0.06417689036 -0.9638274077 0.2657440298 -0
0.0384046786 -0.02283589304 0.02467653232 0.8592716301 -0.5109765685 -0
0.006960724079 0.03849429282 0.03719974096 -0.1778635531 -0.983699019 0.003398286212
-0.005959017311 -0.03922973714 0.0006125965071 0.1162593261 0.765625268 -0.632123082
-0.04258657377 0.01353573423 0.02828030088 -0.9529154701 0.302829821 -0
0.04445314419 0.004606412206 0.04182072476 0.994615246 0.1030324967 -0
-0.04328894435 -0.01107140187 0.02839050447 -0.9685577178 -0.2476334628 -0
-0.04285273416 -0.007416340101 0.07186811574 -0.1824805306 -0.03340401343 0.9706120544
-0.03969451174 -0.004299483614 0.06570633542 0.9820264846 0.1063395579 0.1541257811
0.04438778958 0.005128297856 0.05173374031 0.9931619811 0.1147317749 -0
-0.0411116325 -0.01749361104 0.05878416865 -0.9198627356 -0.3914104516 -0
0.03467869398 0.01780815767 0.02317150748 -0.8891608254 -0.456560557 0.02621004515
-0.03662359704 -0.01454476938 0.0009928174808 0.7394719288 0.2933000268 -0.6044136924
-0.003668995049 -0.02265720068 0.008451276112 -0.006479035193 -0.04024810478 0.999209513
-0.02222099363 -0.01786065647 0.008171078362 -0.02810284299 -0.02265433713 0.9993003348
0.02128449079 0.03586433619 0.07137907869 -0.3298392275 -0.55291574 0.7495847099
0.03479012978 -0.02805153972 0.02205112448 0.778475751 -0.6276350845 -0
-0.03617977144 0.02623684967 0.04566102811 -0.8095087019 0.5870593361 -0
-0.006646572333 -0.009853743234 0.00449623488 0.001656344537 0.001933104747 -1
0.009360071357 -0.03769311671 0.01891397559 -0.2405466766 0.9686118397 0.05275158361
0.03157407417 -0.01365612889 0.003489644659 -0.1963640597 0.08461923923 -0.9758937686
-0.00363818334 -0.05925911037 0.06158296506 -0.2486891456 -0.1378999365 0.9577386629
0.02609051578 0.0362802859 0.03972653832 0.5837804654 0.8117634604 -0
-0.002997800792 0.03868874554 0.01824511609 0.07706329372 -0.9946328825 0.05969272351
0.01214302186 0.04299929933 0.03200672292 0.2717603643 0.9621009271 -0
-0.04026343262 -0.003391931602 0.0001074824766 0.2695124352 0.0224741684 -0.9619342185
-0.0284165664 0.03448473722 0.05839501834 -0.6358842702 0.7715467497 -0
0.02786427184 -0.03493380947 0.03900312748 0.6235337044 -0.781598471 -0
0.001199567773 -0.03873371303 0.01713367061 -0.03087704628 0.9965121986 0.0712268328
-0.03081644806 -0.02515147257 0.06471451329 0.7675738606 0.6263918241 0.1347769247
0.04231674273 -0.01434250701 0.06300554849 0.946881686 -0.3209076719 -0
0.01350489489 0.03048299298 0.00370376884 -0.06703876548 -0.1513026648 -0.9858718316
-0.01324395825 0.03608493117 0.01386674897 0.3395960597 -0.9255381758 0.1611194725
0.02571797374 0.02999845995 0.06255201067 -0.6474582628 -0.7550988977 0.0990583986
0.0417663099 -0.01589654743 0.02413681975 0.9345480504 -0.3557237978 -0
0.03634193369 0.02579623657 0.07086393847 0.7767856126 0.5509297838 0.2748667045
0.002113642514 -0.06486824409 0.02552558047 0.1111835661 0.4889303615 0.8615688601
0.01885336261 -0.0405066667 0.05475803609 0.4218572897 -0.9063050799 -0
0.02148310318 -0.03005018695 0.002746232102 -0.2224748988 0.3122435404 -0.9217255818
0.0009925539564 -0.04467179789 0.009643279976 0.02109714368 -0.9994843788 -0.003857981401
0.02006342602 0.01041616808 0.008462060157 0.03376131163 0.01741532213 0.9992899943
0.02704913333 -0.02465636226 0.009489063379 -0.4847978467 0.4428241406 0.7359694687
-0.0257254847 -0.02948383474 0.04051024416 0.6572635116 0.7532370379 0.001374838746
0.03420357705 0.01627891075 0.002306033273 -0.4434331712 -0.2106502543 -0.8696139441
-0.01617389834 -0.000187305153 0.004478842588 0.007887295533 0.0008895261473 -1
-0.03749385814 -0.02323479848 0.0008343912514 -0.7175679758 -0.4435327578 -0.5276423885
0.01302754735 -0.03690188808 0.05240885146 -0.3327294565 0.9426392995 0.006445648873
-0.009405857134 0.009359860249 0.004494093838 0.003977468603 -0.001386558795 -1
0.003932653789 -0.04452409893 0.04021096497 0.08587526275 -0.9960208383 -0.002565045512
-0.001119746202 -0.0712007099 0.04317558622 -0.05595745096 0.9818590674 -0.1657976331
0.006790299198 0.04412578945 0.07052164537 0.1503214073 0.977579382 0.142456553
-0.03847464627 0.00214209629 0.001893448235 0.6005318687 -0.03300323716 -0.7974713964
-0.01822269616 -0.04080766649 0.03338171519 -0.4077031278 -0.9130238352 -0
-0.03231596977 -0.0220589814 0.04950763525 0.8255966435 0.5636339609 0.001871520467
-0.03789640098 -0.009673268719 0.03354035715 0.9686680784 0.247173928 0.005882520428
0.01048989053 0.04342850633 0.0373565427 0.2347538006 0.9716761512 -0
-0.03079888476 0.03236441483 0.02454399125 -0.6891162612 0.724189871 -0
-0.005155978023 -0.06233988761 0.05489214635 -0.3967382826 0.2888573841 -0.8691466221
0.0265247887 0.02879144378 0.05402684732 -0.6773617418 -0.7352524134 0.0107170233
0.0002715022816 -0.04472446343 0.0454302406 0.005652804583 -0.9997953163 -0.009882256024
0.04038092761 -0.01911681602 0.02941138522 0.9034983998 -0.427681118 -0
0.03119675598 -0.03198670598 0.02808708256 0.6980255818 -0.7157729056 -0
-0.014304481 0.03627478588 0.02385264279 0.3666049544 -0.92982878 0.02398768691
0.04378998564 0.008892367077 0.02208130029 0.979767307 0.1989729567 -0
-0.004391650812 -0.0444905534 0.06647965872 -0.09619437601 -0.9950350281 0.02023502968
-0.02783434758 0.002871489659 0.008193294659 -0.04138780304 0.004283199432 0.9990731144
-0.03897413641 -0.02185016898 0.01294404844 -0.8720290588 -0.4888824011 -0
0.0341377062 0.02882272985 0.03875048826 0.7638450165 0.6448873177 -0
-0.0218628659 -0.03791849086 0.0003953777497 -0.3217120221 -0.558146 -0.7549491054
0.03514106323 -0.02759414339 0.02827112041 0.7863126172 -0.6174077446 -0
0.02558047394 0.02363348642 0.003404048593 -0.1715798544 -0.1578906784 -0.9719050413
0.02854750066 -0.02690303005 0.05820141872 -0.7269105839 0.6850349303 0.03859544597
-0.04436095227 -0.005297090734 0.003605427449 -0.992362773 -0.1184977162 -0.01938978593
-0.03841559236 -0.006347912797 0.02107237746 0.9859204446 0.1629643078 0.0330589324
-0.0110571276 0.03752585976 0.03816297688 0.2825726889 -0.9589068644 0.002744377313
0.0001225222201 0.005602512061 0.008561000228 -0 -0 1
0.03857365928 -0.006578620896 0.04274950803 -0.9855292885 0.1681222912 0.0008298289671
0.02080693064 0.03954040817 0.01997861233 0.4656404339 0.8847143446 -0
-0.03674854996 0.01398578668 0.05995048929 0.9327088219 -0.3550777014 0.06052694463
-0.04087705403 0.01805963627 0.02407368216 -0.9146004254 0.4040557056 -0
-0.01750383858 -0.03568350815 0.06451524104 0.436502755 0.8896213828 0.1314572545
0.0066191869 -0.07323743659 0.03739848967 0.7628875161 0.6116214063 0.03954109281
0.005415211324 -0.03651312469 0.009758941139 -0.1067498156 0.7228389128 0.6711449547
-0.01765243866 0.01753649508 0.008353956188 -0.03631330484 0.03607071924 0.9986808483
-0.03019766251 -0.03293516976 0.02654237319 -0.6756534083 -0.7369087271 -0
-0.001183353546 0.02086421092 0.008515549141 -0.001343432821 0.02377305563 0.9996891829
-0.02358232076 -0.03114081916 0.02835386067 0.6034891682 0.7968403156 0.01273498164
0.00142021543 0.04465535489 0.04568740961 0.03181671031 0.9991499389 -0
0.02364005584 0.03089846124 0.02034222463 -0.6069557574 -0.7932488868 0.03792982146
-0.04468972047 8.735297184e-05 0.0346077873 -0.9999477154 0.001953210812 -0
-0.01767901723 -0.03446306071 0.01650870266 0.4550274104 0.8869703076 0.07771248492
-0.007131822215 -0.02783442374 0.008161498337 -0.008160202551 -0.03263844017 0.9993983159
0.03403126029 0.02894731363 0.02936374595 0.7614569876 0.6476745182 -0
-0.003063653532 -0.01227701807 0.008561000228 -0 -0 1
0.03062268979 -0.03253168101 0.01202151785 0.68517082 -0.7279172755 -0
-0.004101407365 0.04332721837 0.07186398363 -0.02091655042 0.1995430717 0.9681278044
0.0147327833 -0.02164604664 0.008283377014 0.02840969685 -0.04191620584 0.9986934779
-0.007382320377 0.02920027145 0.004065799114 0.02086419209 -0.08174316371 -0.9963257161
0.03137645104 0.02308042706 0.00152333145 -0.5614373759 -0.4132854143 -0.7122082336
0.03905271642 0.002472985293 0.04023963236 -0.9977471182 -0.06315865381 0.001440702387
0.03621107373 0.006927592855 0.009724312655 -0.707968039 -0.1369848732 0.6794627006
-0.02270463048 -0.03188564451 0.05301333669 0.5798744443 0.8144121187 0.008041439589
0.02336950063 -0.03137142092 0.03601516724 -0.5972802806 0.8017303014 0.004202453995
-0.04440537341 0.004995039593 0.03884339756 -0.9935527339 0.1117436639 -0
0.0193402252 0.02007962877 0.00819728797 0.02968343822 0.03051564138 0.9990322722
0.01627132294 0.008469835142 0.004457432143 -0.008970749329 -0.006942506137 -0.9999698444
0.0226937965 0.03849178822 0.01452860852 0.5077753147 0.8612406683 -0
0.02066563876 0.03312223547 0.02629149839 -0.5290446662 -0.8480375952 0.01603036801
0.04466337699 -0.00109750882 0.005174288688 0.999343093 -0.02454027662 -0
-0.03175497265 0.02078720348 0.01162729872 0.7847089354 -0.5137101025 0.3380312517
-0.03553820581 -0.01129226668 0.01025564853 0.774286199 0.2462753326 0.5675500629
-0.008258034909 0.0382165461 0.03126816112 0.2111976751 -0.9772818964 0.008761332977
0.04340561879 -0.01058525579 0.03040967682 0.9711647421 -0.2367779804 -0
-0.02017728149 0.02726383958 0.003586798461 0.1139523708 -0.1544053817 -0.9804210796
-0.03317936365 -0.01920762534 0.01312582693 0.8468161384 0.4901607256 0.1974034718
0.04375912042 -0.009059082059 0.06625987068 0.9790717568 -0.2026970552 -0
-0.03237958414 -0.02722915157 0.07174216 0.2772564656 0.2307338256 0.9219073108
-0.03894673392 0.001696488204 0.02339434629 0.9984673234 -0.04342796091 0.02548298306
0.009809242897 0.03792648581 0.05584904352 -0.2503488136 -0.9677040464 0.02011573982
-0.0413654309 0.006362774254 0.07150305381 0.5686894406 -0.08663032094 0.8090512602
0.02957404395 0.03253570668 0.0006009183903 0.5215130331 0.5736225232 -0.6279117137
0.04463769836 0.002082170838 0.04708569906 0.9987537297 0.04655730088 -0
0.01059426951 -0.03691648627 0.01358623753 -0.2716543481 0.946450703 0.1702921604
0.03576254737 -0.0154026198 0.02134741747 -0.9177001849 0.3952795872 0.03216155204
0.03857953082 0.02255066741 0.0113476918 0.8631890152 0.5045857982 -0
0.02716673238 -0.02814990148 0.03759726121 -0.6941683464 0.7193481427 0.003128422908
-0.007224028765 -0.005795888065 0.008561000228 -0 -0 1
-0.0113000118 0.04323407826 0.01507747734 -0.2529147527 0.967331766 -0
-0.02388608222 0.03070143743 0.02020590181 0.613336127 -0.7882567699 0.03934452178
-0.008475886603 0.04386709188 0.06250635947 -0.1896340992 0.9815049018 -0
-0.04014012063 0.01466307236 0.07186213547 0.1596422511 -0.06141028 0.9767991995
0.02111283562 0.03937436236 0.05857258719 0.4724697347 0.8809946844 -0
-0.02031090292 -0.03980965296 0.0465685267 -0.4545666605 -0.8907458076 -0
0.04185823424 0.01563701688 0.01374624043 0.9366078135 0.349909375 -0
0.000992216029 -0.01142686375 0.004497877698 0.0007129410733 0.002521674621 -1
-0.006157124305 0.03631077958 0.002794804983 0.06188960181 -0.3664599994 -0.9270761888
-0.04328062352 0.01110607218 0.04440620688 -0.9683717935 0.2484076395 -0
0.02477962943 0.03029187894 0.04605249747 -0.6331618286 -0.7738783161 2.592123481e-05
-0.04296058676 -0.01227365461 0.04682011975 -0.9612393554 -0.2745398981 -0
-0.01312377908 -0.042765231 0.02200516565 -0.3238128883 -0.9460683393 0.0009514345276
-0.03857722584 0.02255442738 0.05181081504 -0.8631373745 0.5046700441 -0
0.01673598821 -0.04142594745 0.02516054869 0.3770155905 -0.9259147247 0.000147380057
-0.002607359641 -0.06746347855 0.01931863045 -0.1669150301 -0.4478048806 -0.8730738443
0.01611450997 -0.04168322038 0.0357500384 0.361660597 -0.9322299678 0.0001678903143
-0.03766795262 -0.01059689207 0.04018842869 0.9623834614 0.2706514893 0.001453164742
-0.0177634693 -0.04100060179 0.05847017436 -0.3982636628 -0.9170279302 0.0001150407664
0.03794834835 0.001072348302 0.01170141066 -0.9392721153 -0.02671974622 0.3310762952
-0.001386462939 0.03910695223 0.05162308949 0.03547395446 -0.9990355109 0.004371302668
0.02158737368 0.03264014712 0.04102516708 -0.5515154425 -0.8339456413 0.001249512726
-0.01675688848 0.03534537207 0.03652520165 0.4282722204 -0.9032600145 0.00385620856
-0.03707373493 -0.02493537382 0.01816673921 -0.8294794839 -0.5579802238 -0
0.03417700331 0.02877673671 0.04730798569 0.7647266158 0.6438583546 -0
0.03130472816 -0.03188420537 0.0534416131 0.7004433459 -0.7134887542 -0
-0.005679430663 -0.03870631233 0.03661055041 0.1451089252 0.9891793543 0.00379826812
-0.04089053498 0.01802710746 0.06605511817 -0.9149028443 0.4033289975 -0
-0.03876654189 0.02223261885 0.01113324944 -0.8673786489 0.4974577634 -0
-0.02283489291 -0.03178261772 0.04627632712 0.5834235828 0.8120088169 6.557344045e-05
-0.00404988146 -0.07320258061 0.05436687012 -0.2934000744 -0.7352984581 0.6034442385
0.01838923317 -0.04072818294 0.04739807496 0.4114407482 -0.9112496463 -0
-0.0009328213271 0.04466827427 0.01552206737 -0.02089774925 0.9994416656 -0
-0.02915817887 -0.03385109446 0.04698476715 -0.6524340025 -0.757373149 -0
-0.007016206209 -0.07428232145 0.04856124181 -0.8995938231 -0.4000622759 0.1638557996
-0.0001928277157 0.04468788932 0.05171849133 -0.004319868268 0.9998845842 -0
0.03739437811 0.009511631112 0.01517278098 -0.9609314639 -0.2443425542 0.118412394
-0.04161819628 -0.01627129987 0.03183422527 -0.9312265057 -0.3641034795 -0
-0.03873832475 -0.0006233467914 0.01691457437 0.9967819639 0.01602188759 0.07350052059
0.03136116098 0.02509131718 0.06713307216 -0.7669661893 -0.613664097 0.1858861207
0.02147194449 -0.03272784483 0.05226868881 -0.548432047 0.8360174505 0.006075631157
-0.01258433662 -0.04290939268 0.02796784901 -0.2996777662 -0.953817485 0.007626669525
-0.03429932666 -0.01922710985 0.06011575511 0.8702986819 0.4878404699 0.06259920348
-0.01281196629 0.03697810746 0.05239051538 0.3272292108 -0.944592201 0.006397243142
-0.04141097444 -0.01677131503 0.06672262502 -0.9265778881 -0.3752740392 -0
0.03744022389 0.02440182124 0.03490134899 0.8376666987 0.5460589612 -0
0.007410582432 -0.04505708675 0.01957668447 0.7944521622 -0.5601940201 -0.1315145209
0.03456911341 0.01749922701 0.01677729025 -0.8895446859 -0.4502405512 0.07492519692
0.00454883209 -0.04442546237 0.002784597245 0.1015578891 -0.9912859641 -0.07477841634
0.01868853069 0.04058533645 0.02516545606 0.418157937 0.9080611037 -0
-0.04111513403 0.01382362977 0.0001588385973 -0.3624663543 0.1239304727 -0.9170488957
-0.04466354467 -0.001091079155 0.06652332879 -0.9993469414 -0.02439650944 -0
-0.03907925132 0.001801255403 0.03551086828 0.9987682259 -0.04601575871 0.004544805821
0.03498260731 -0.0004476390814 0.00337203242 -0.2403450734 0.003141754225 -0.9704131062
-0.01876534739 0.007684386811 0.004435425268 0.01459929767 -0.004472272896 -0.9999209317
0.02509982665 -0.03696077484 0.01620492697 0.5615939511 -0.8270166736 -0
0.04118714125 0.01731285753 0.04275718931 0.9215431927 0.3873723381 -0
0.03921124272 0.02141334975 0.06961280719 0.8770638566 0.4788949652 0.02282954955
0.012953545 -0.01429089251 0.00854109618 0.009373548348 -0.010357633 0.9998460265
0.04442115341 0.004875451617 0.01552115838 0.9939034014 0.1090620879 -0
0.008846017821 -0.03142230695 0.008168771829 -0.02179363731 0.08049858014 0.9956432674
0.04461259705 -0.002573618881 0.01403964449 0.998187686 -0.05754950588 -0
0.001744971712 -0.07416404504 0.05380951344 0.1036700341 -0.8006643436 0.58520644
0.03634770384 0.0146203947 0.05623081381 -0.9271892638 -0.3729662238 0.0227590546
-0.01110337679 -0.04328026129 0.003826845466 -0.2484969073 -0.9683262119 -0.01045535078
-0.007032234654 -0.03804839187 0.01616843831 0.1809394369 0.9790787676 0.08585452724
-0.04438171865 -0.005174306151 0.02482447064 -0.9930270711 -0.11576344 -0
0.02958028172 0.02558185427 0.03340971904 -0.7561203979 -0.6539031467 0.005971206306
0.01187446879 0.03726717298 0.03307547041 -0.3035379675 -0.9526222462 0.006297066752
0.01988014737 -0.006376513458 0.004425974249 -0.0152258014 0.005000921796 -0.9998998797
0.01793625108 0.03477242505 0.03681294891 -0.4584233239 -0.8886196398 0.003660866495
-0.03699881921 -0.02504443981 0.06920208985 -0.8277245211 -0.560356064 0.006713396039
-0.04043773104 -0.0106137578 9.999999975e-07 0.005330524291 0.001422888899 -0.9999362906
0.02825774452 -0.02125446726 0.003270568167 -0.2100525049 0.15867196 -0.9638622482
-0.03081287853 -0.02434289942 0.05900579085 0.7835021513 0.6189218319 0.0486814234
0.01380215258 0.01311025509 0.008544712612 0.009024267974 0.008589999799 0.999867941
0.04204150599 0.0151195846 0.06218937313 0.9407144128 0.3383170204 -0
0.007432054092 -0.0440675228 0.008199319092 0.1654668312 -0.9859758076 -0.006207744179
-0.02087158001 0.03950531637 0.06586158423 -0.4670837252 0.8839282388 -0
0.02115529919 -0.03515059606 2.001567322e-05 -0.04367408777 0.07157402008 -0.9956931187
0.04207783439 -0.0150170184 0.04147867617 0.9415284291 -0.3360191664 -0
0.0283360362 -0.02631840962 0.01597202152 -0.72891579 0.677028266 0.09227733116
0.04232950748 0.01430646821 0.05612158301 0.9471677078 0.3201002724 -0
-0.01047263429 0.04014597435 0.07118654922 0.1893942957 -0.7262478986 0.6572350277
-0.01815034976 -0.01029839666 0.008516434551 -0.02051882815 -0.01161158135 0.9996957907
0.03834661655 0.007805131695 0.04691998861 -0.9796858729 -0.199408969 0.0004253096579
0.03981445624 -0.02030205387 0.00899786476 0.8908534079 -0.4541702754 -0
0.005060844703 -0.02395208544 0.008374456615 0.01017923307 -0.04799781893 0.9987916581
-0.04463335597 -0.002248682489 0.008375601505 -0.9986540652 -0.05028049827 -0
-0.02873199128 -0.03421523435 0.01517052674 -0.6429232528 -0.7655183907 -0
0.03911856582 -5.975491832e-05 0.03357864727 -0.9999591321 0.001526713322 0.005856526534
0.03711634395 0.01214873431 0.02646640389 -0.9501741232 -0.3110310087 0.0154596992
-0.02403786917 0.0376678297 0.0274716254 -0.5378232469 0.8428481039 -0
-0.02081176791 0.03358287157 0.0008484163638 0.4211166559 -0.679065368 -0.6004227082
-0.01046224199 -0.03770614672 0.03951656712 0.2673799046 0.9633949562 0.001825469826
0.005679339924 -0.02760956441 0.004196221357 -0.01164341917 0.05762157339 -0.9981888864
-0.03280371589 0.03033613349 0.06058787172 -0.7339539639 0.6787795257 -0
-0.04467545311 0.0005523689891 0.003754124858 -0.9995378433 0.01233820443 -0.0134382938
0.03802182361 -0.009232460599 0.0485718707 -0.9713969823 0.2358109468 0.001348530664
0.00516527691 0.04438291008 0.0398973956 0.1155397018 0.9930535476 -0
-0.01074559658 -0.03763853388 0.05361074985 0.274507074 0.9612203261 0.009618560612
-0.03525124388 0.02745053718 0.009717679837 -0.7887731151 0.6141967229 -0
0.008864433482 0.001077752989 0.004500040029 -0.0007972712129 -8.346771036e-05 -1
-0.007059336394 -0.05663337407 0.01905997521 -0.9192692321 -0.02579920507 -0.3676776665
-0.0293484929 -0.02533071264 0.01746889428 0.754885331 0.6515209119 0.06774802392
-0.001236262608 -0.06444225234 0.06072264249 -0.07424169131 -0.3230725976 0.9400807843
0.009660850795 0.03948360555 0.0693276056 -0.227951031 -0.9308829101 0.2821886009
-0.03885878582 0.02206267852 0.06932851036 -0.8693035374 0.4935412058 0.01167401524
0.01004782929 -0.006616818797 0.008561000228 -0 -0 1
0.03300221152 -0.02481982781 5.678424349e-06 -0.03180773645 0.02452096797 -0.9987141948
-0.02539560137 0.0367576118 0.06772925156 -0.5682178352 0.8224627579 -0
-0.004520984443 -0.04451426183 0.03155357788 -0.09509209662 -0.9953669611 0.01444484432
0.0104439057 0.04343954263 0.05435995196 0.2337229324 0.9719227511 -0
0.04080463655 0.01822700131 0.006795503846 0.9129779706 0.4077951086 -0
0.03543531336 0.01659227732 0.04141322529 -0.9053192286 -0.4238614285 0.001155064045
-0.02682906581 0.00710090339 0.00422594445 0.0513996897 -0.01417767962 -0.9986067533
-0.01308718056 -0.007009302613 0.004483563323 0.004505835491 0.003958604684 -1
0.0401130354 -0.01967750753 0.01971036827 0.897525117 -0.4402117232 -0
0.04458567937 -0.002916780364 0.0657690574 0.9975846125 -0.06522761578 -0
-0.0328489846 -0.03028844829 0.06569410135 -0.7349655546 -0.6777089258 -0
-0.03600881994 0.02646313485 0.01817356562 -0.8056909158 0.5921184976 -0
-0.02889882231 0.03407269188 0.06366927837 -0.6466462335 0.7623299378 -0
0.01220777647 0.04298010952 0.01770525376 0.2732060892 0.9616738463 -0
-0.01518430665 0.01383517441 0.004429932136 0.01153498989 -0.01019110605 -0.9999087226
-0.02837136208 -0.03452336035 0.05624880573 -0.6348754962 -0.7724106888 -0
0.03146977331 0.03172752398 0.05337125179 0.704139115 0.7099972242 -0
0.01138006034 0.03784042545 0.06256294608 -0.2864989768 -0.9525325073 0.09922526403
-0.03993266522 0.02005580081 0.01661269369 -0.8934949993 0.4486660045 -0
0.03502593879 -0.01810453414 0.0009699139144 -0.7098569395 0.3669546765 -0.6001317194
-0.0140677497 -0.03538344909 0.01213549919 0.3517494442 0.8840656862 0.2903397208
-0.04180297656 -0.01579302621 0.02404531755 -0.9353696461 -0.3534045482 -0
0.03837033589 0.007878481523 0.05559692027 -0.9792233168 -0.2010648292 0.01837007987
-0.02079011315 0.003897894965 0.008507427954 -0.02547925927 0.00486806172 0.9996285744
0.04151193127 -0.01652771164 0.01419860877 0.9288426574 -0.3698318317 -0
-0.006767575836 0.02076042078 0.008486249991 -0.009747266679 0.03000271323 0.9994705232
-0.01621833683 -0.03966606967 3.00680113e-05 -0.05132148119 -0.1252319315 -0.9903982723
-0.03551814485 -0.01649132517 0.0553226489 0.9066135584 0.4209219425 0.0164710699
0.007198634955 -0.05738745732 0.01976848878 0.9736846403 -0.00879948765 -0.1232700782
-0.0009747107483 0.03218745999 0.003850974279 0.004606701969 -0.131910305 -0.9907580071
0.03791748009 0.0236306299 0.004165741081 0.8483564458 0.5287834564 -0.006114591264
-0.0269468089 -0.02834176636 0.03359841114 0.6887393242 0.7244452158 0.005843109505
0.003803611961 -0.0710596409 0.02193560298 0.2649342163 -0.6232038927 -0.7312758015
-0.03607657145 -0.02637482952 0.008499657182 -0.8072039081 -0.5901439984 -0
-0.0003066407818 -0.07394438541 0.0243149879 -0.01823490597 -0.7898823734 -0.6097114315
-0.02922841906 -0.03379108038 0.0210348049 -0.6540014741 -0.7560307276 -0
-0.03913643903 -0.0001350842331 0.05080222332 0.9999076577 0.003449660759 0.002595053282
0.005405765437 0.03346455993 0.003591524729 -0.03056158774 -0.1883749601 -0.9806413209
-0.008658952413 0.0438331995 0.05119125474 -0.1937314006 0.9807411344 -0
-0.03561088712 0.01754969364 0.06413458833 0.8896619765 -0.4382827478 0.125115973
-0.04467181137 -0.0007740877218 0.04177600529 -0.9995366746 -0.01730858694 -0
0.0005049453845 -0.06089831501 0.05453464987 0.02512997131 0.2483430867 -0.9667339591
-0.02762658436 0.0274640409 0.0217969344 0.708705194 -0.7046390071 0.03069490122
-0.03829615583 -0.01894356821 0.07186060597 0.1582452442 0.0771024614 0.976152384
-0.03125094173 0.02356355374 0.05307541987 0.7981911531 -0.601806645 0.008205334018
0.03061520373 -0.0325387877 0.02033665511 0.6850031888 -0.7280756429 -0
0.04447803774 0.004289055407 0.02621400766 0.9951729703 0.09593175691 -0
0.04325359857 0.01121867672 0.06759609407 0.9677679363 0.250922062 -0
0.04231484462 -0.01434786596 0.008278453069 0.9468391547 -0.3210277317 -0
-0.001362032674 -0.06024158251 0.02389583886 -0.06853797643 0.214739568 0.9716908356
0.03385292335 0.01964033079 0.04624015621 -0.8648969326 -0.5017995242 4.535786692e-05
0.03501034707 -0.01747127084 0.03827158348 -0.8945950913 0.4463582588 0.002670647899
0.0301594596 0.02495881557 0.0540369551 -0.7702070441 -0.6373316051 0.010743707
0.02064715348 0.03712313558 5.072624012e-06 0.02280588835 0.04206547764 -0.9981388143
0.01722956398 -0.04122162222 0.06607941348 0.3861695549 -0.9220543668 0.0001754738063
-0.03022920862 0.02546607977 0.06269083322 0.7606161182 -0.6407405826 0.101176718
0.02534745046 -0.01501732626 0.008131708487 0.02212869813 -0.01309778387 0.9997014003
-0.007078250249 -0.05045259805 0.01907994836 -0.9283354733 0.008070553638 -0.330606936
-0.0008881254976 0.03850953027 0.001896365724 0.01415024332 -0.6003078742 -0.7979815338
-0.01924666105 -0.03388072569 0.022483614 0.493648525 0.8689517537 0.02845445346
0.02063214932 -0.03856718232 0.07182967194 0.1502604429 -0.2805174261 0.9467454793
0.0224462819 -0.03199433301 0.030463969 -0.57410557 0.8183452474 0.009857848932
0.04465905825 -0.001263113578 0.05550218341 0.9992439713 -0.02824319591 -0
0.01415586539 0.03501354407 0.01110940322 -0.3414672267 -0.8439753976 0.4017466569
0.03417844895 -0.01898931749 0.03224027114 -0.8738543711 0.4854894648 0.007435860957
0.03876929951 -0.02222753851 0.04897891709 0.8674404235 -0.497343851 -0
0.002446144926 0.04462259614 0.009893837191 0.05479273283 0.9984117093 -0
0.03181410321 0.01849192348 0.009656343061 -0.6073699881 -0.3532545945 0.6957889661
-0.02414845745 -0.03760003563 0.01224211648 -0.5402955456 -0.8413347913 -0
0.0006367949897 -0.04004352745 0.06652836158 -0.01565441824 0.9847802028 0.1708435042
-0.02383774088 -0.03779051459 0.006285319573 -0.5333492022 -0.8455867002 -0
0.03196508902 0.03121952687 0.06014618915 0.7152137126 0.6986129531 -0
-0.03367727313 0.02934174074 0.003097932341 -0.7531349159 0.6561754526 -0.03970186233
0.003113471956 -0.03900255673 0.04582202159 -0.07957135965 0.9964617482 8.201628009e-05
0.03116106761 -0.02365034762 0.0374457462 -0.7963026773 0.6043704237 0.003231281417
-0.03760033604 0.01022493701 0.02233983797 0.9644569704 -0.2621917174 0.02892355533
0.04307110923 -0.01190070459 0.0506044579 0.9636990998 -0.2661916782 -0
0.03921968021 -0.01101059074 0.06964541904 -0.9169146833 0.2573058912 0.30384413
-0.02723466274 -0.02956714832 0.0673287494 0.664689569 0.7215094888 0.1916734028
-0.02121842226 0.0321370241 0.01446525068 0.5446433329 -0.8250292815 0.1415485436
-0.03469634517 0.01806086691 0.034300706 0.8868411979 -0.4615687961 0.00536634483
0.001165563313 -0.01617585059 0.008561000228 7.685476177e-05 -0.002213157691 1
-0.04369703286 0.009371024014 0.05802818056 -0.9776762247 0.2096645835 -0
-0.03483072834 0.01787935586 0.05374135974 0.8895596426 -0.4565559802 0.009963359849
-0.03908958388 -0.001907185145 0.03995259183 0.9986962615 0.04870415815 0.00152946712
-0.03026829774 -0.001127484999 0.00405440209 0.08661920262 0.003236817061 -0.9961629019
0.002300337525 -0.07786176964 0.03409762194 0.1428310599 -0.9708460192 -0.1738941085
-0.02525968124 -0.03685097321 0.03931122861 -0.5651738997 -0.8245554614 -0
0.0265621137 0.03593287925 0.009455089568 0.5943473971 0.8039793153 -0
-0.008692088001 -0.04405105974 0.05199766165 -0.2369714633 -0.9703722504 -0.03847017447
0.02607578256 0.03629040593 0.02258849147 0.5834505144 0.8119903014 -0
-0.03640666729 -0.02590652357 0.02428322519 -0.8145774632 -0.5796787998 -0
-0.0289726919 0.03400957679 0.02953229964 -0.6482946982 0.7609181518 -0
-0.002088737426 -0.03908280878 0.04944565874 0.05343887463 0.9985182516 0.001836882394
0.02355224521 0.03796553235 0.04420858582 0.5269666942 0.8494934811 -0
-0.004391576579 -0.04456506731 0.01371061097 -0.07989043276 -0.9946621672 -0.06034491417
0.008309069331 0.04389797604 0.0635263001 0.1859004658 0.9822008788 -0
-0.0380204527 -0.008810458182 0.02570581856 0.9736885932 0.225598959 0.01794128114
-0.01923460922 0.03385165565 0.02100064139 0.4936791446 -0.8687982788 0.03329298756
-0.0281430815 -0.02436645505 0.01015578904 0.6051948743 0.524616017 0.5869432731
0.01361366035 0.04256348063 0.01049189444 0.3045941462 0.9524015183 -0
0.01645425046 0.03531450256 0.02243775492 -0.422069409 -0.9057086905 0.0286040791
0.01273593528 -0.03684429027 0.0235911664 -0.3264398431 0.9445072366 0.02484081288
0.007029733291 -0.07528489134 0.04539419471 0.9044773245 -0.4148991074 0.09711407825
-0.01738710996 -0.02139245826 0.004233244558 0.03229829397 0.04069261464 -0.9986588952
0.02439283832 0.03744639412 0.05185121564 0.5457609252 0.837901868 -0
-0.03957587545 0.001662684313 0.06338199237 0.9924175087 -0.04161944882 0.1125785007
-0.04378527443 0.008917814163 0.02216389807 -0.9796611394 0.1995413966 -0
-0.02966391609 0.03341898638 0.0353739717 -0.6637199721 0.7477075651 -0
0.01215391473 0.03720238925 0.03976202553 -0.3105102064 -0.9505635203 0.001658836254
-0.005055405692 -0.04439740792 0.004063061822 -0.113080747 -0.9933757226 -0.006776609753
-0.01948574582 -0.03390807444 0.03223873518 0.4982041737 0.8669532934 0.007437955234
0.03066134653 -0.006209943669 0.003957641963 -0.1056931284 0.02157061947 -0.9937790263
0.02530818404 0.02979573236 0.03179275312 -0.6471962106 -0.7618589237 0.008046051782
0.01064687117 -0.04346008123 0.0134115706 0.2569523923 -0.9656585589 -0.02250387311
0.03585154555 -0.008110271468 0.009627461851 -0.6779259714 0.1512351886 0.7027262192
-0.01659288121 0.04148518936 0.03529144744 -0.3712144412 0.928236779 -0
-0.03878857913 -0.004687737171 0.02916375548 0.9924184085 0.1199533568 0.01163069006
-0.01098098249 -0.01827056643 0.004421324346 0.009753213995 0.01493358385 -0.9998750453
-0.03958417758 -0.02072629457 0.0396720807 -0.8856948412 -0.4636826795 -0
-0.02241655412 0.03207017866 0.04826994024 0.5727236173 -0.8193650358 0.001179784635
-0.002923752618 -0.04168300312 0.0714520506 0.04093866944 0.6019910584 0.7845867953
-0.01883469723 -0.04051557517 0.01562585406 -0.4214383792 -0.9065039301 -0
-0.03195241031 0.02246485732 0.02792892303 0.817702182 -0.5749342104 0.01331438412
0.03927708996 0.003805992621 0.06185498508 -0.9911253812 -0.09600468443 0.08842235413
-0.0196801212 0.0401120775 0.04747605212 -0.4404123835 0.8974972724 -0
-0.03114704786 -0.02364804175 0.03336165183 0.796205823 0.6044968214 0.006003837538
0.03926190157 -0.004000831038 0.06185606059 -0.9907348973 0.1009488096 0.08843876563
0.02049200896 -0.03971134826 0.04074493588 0.4586098361 -0.8885436437 -0
0.02753249892 -0.03518835942 0.03046600176 0.6160974138 -0.7873008183 -0
-0.01014844064 -0.0386525017 0.06594277247 0.250671191 0.9545934049 0.1589342522
-0.01011731429 0.04351792415 0.0572172518 -0.2264015459 0.9736741418 -0
0.0214943074 0.03279152031 0.0573622147 -0.5478620295 -0.8358388028 0.03059268859
-0.00651913781 -0.06711677148 0.0575665646 -0.7356739836 -0.308527655 0.5751359938
0.04444852716 0.004583145925 0.0699690577 0.9926324965 0.1023602281 0.04935302135
-0.02396326494 -0.03771356443 0.01855930257 -0.5361554033 -0.8438690034 -0
0.03563819735 0.02694619341 0.01592836687 0.7974143621 0.6029196426 -0
0.04389424129 0.008329242189 0.04582028055 0.9821167158 0.1863938077 -0
-0.02990387349 0.0252338088 0.04543796309 0.7640281646 -0.6446735555 0.0001754914802
-0.01675933249 0.03649025506 0.06710873716 0.4098795315 -0.8927061114 0.1851663973
0.0395920382 -0.02071181302 0.06766748693 0.8858709301 -0.4633579713 -0
-0.02519799545 -0.02940194851 0.01651192802 0.6485289552 0.7567187531 0.07767901348
0.001456288735 -0.03909770267 0.03867517527 -0.03726051294 0.9990044945 0.002396662827
0.003890490588 0.03894170454 0.04206102321 -0.09938666514 -0.994902377 0.0009973978567
0.02384550275 -0.03778575633 0.02448966902 0.5335227255 -0.8454804852 -0
-0.04134786544 0.01692359364 0.03707452746 -0.9251621609 0.3786760108 -0
0.04444972058 -0.004650058261 0.02405384772 0.9945385422 -0.1040090608 -0
0.03634533214 0.02599581828 0.05288164828 0.8132072609 0.5816739279 -0
-0.03808104662 0.001707054689 0.01228749616 0.9547165176 -0.04288733132 0.2760757276
-0.03551318797 -0.01642902316 0.04819364571 0.9073058299 0.4196939853 0.001137144354
-0.0005032604705 0.04467966066 0.06733554552 -0.0112744111 0.9996987766 -0
-0.03917363887 0.0005855748007 0.05620892689 0.9992927737 -0.01493929813 0.02260751318
0.03841729641 0.02281531039 0.04625541547 0.8595543192 0.5105153934 -0
0.01386658908 -0.03655211561 0.03086875709 -0.3545990326 0.9348709983 0.009305920369
-0.001052219099 0.03911225595 0.04581406159 0.02692201237 -0.9992807127 8.3953648e-05
0.03907330728 0.02166746721 0.03945546592 0.874250626 0.484785828 -0
-0.01995847116 -0.0399792287 0.02148122247 -0.4466594425 -0.894531893 -0
-0.0208533141 0.03951523114 0.05797473366 -0.4666759403 0.8841503437 -0
0.03671593434 -0.01184153359 0.01504309008 -0.9433025093 0.3041760564 0.1226532695
0.02094771545 0.03301028113 0.03161714379 -0.535617114 -0.8441597745 0.008285495093
0.01997924972 0.004442860503 0.00443384249 -0.01521864969 -0.003960542719 -0.9999174138
0.003309859194 -0.06273803571 0.01764449241 0.2200607934 -0.2526420312 -0.9395415443
-0.01875857681 -0.005537527153 0.004441918431 0.01272501317 0.004716966421 -0.9999353635
0.00141936031 0.03894206506 0.02281769921 -0.03648469618 -0.9986067883 0.0273644248
0.01656418183 0.03544871531 0.0427617523 -0.4232139058 -0.9056611159 0.0008268488597
0.0358209624 0.01694322503 0.06354300847 -0.8975755423 -0.4243972708 0.1152608628
-0.005186901767 -0.04448164503 0.04807547217 -0.1114842212 -0.9929966619 -0.02664422319
-0.02017888817 0.03352306828 0.04136756034 0.5155445972 -0.8564850323 0.001166178342
0.04373257206 0.009202479937 0.01243636671 0.9784734876 0.2059002937 -0
-0.03927826024 -0.02128988385 0.02964174383 -0.8788418615 -0.4763195835 -0
-0.03135400875 -0.0318374221 0.03939035577 -0.7015468602 -0.7124462233 -0
0.04442552251 -0.004842340581 0.04402432061 0.9940004928 -0.1083196239 -0
0.02388512361 0.01179755728 0.004269505086 -0.04038361636 -0.0206869487 -0.9989178905
-0.04346457157 -0.01033961788 0.05219173122 -0.9724820087 -0.2313390095 -0
0.0237231542 -0.03111500527 0.04185659554 -0.6061478892 0.794930381 0.001047153082
0.01460408802 -0.04223398156 0.02978850235 0.3347842229 -0.9420854218 0.002081944004
-0.02750790078 -0.02790528683 0.05624966779 0.7016527025 0.7118686951 0.0228895965
-0.03566446621 0.0078554977 0.009420161797 0.6229688751 -0.1364368846 0.7525195969
-0.02146955316 0.03775235931 0.07187740508 -0.075813573 0.1313740989 0.9761968536
-0.01918733795 0.03403949209 0.02930347662 0.4908826453 -0.8708644937 0.01144018029
-0.0152000759 0.009998902317 0.008552542682 -0.007262324092 0.004630720952 0.9999230994
0.03331760408 0.02978257346 0.004357373239 0.7454466798 0.6663610324 -0.004804285654
-0.0132640645 -0.03681010802 0.04551389273 0.33883171 0.9405106506 0.000157011123
0.004759190938 0.03984389023 0.0002197949841 -0.05199516896 -0.4573691092 -0.8755523797
-0.02395851979 -0.01164980609 0.008258319141 -0.04472991198 -0.02162302191 0.9987355865
0.0442244504 -0.006366156274 0.05929376359 0.9895322126 -0.1424888415 -0
0.0004371520222 -0.03390958308 0.003587467462 -0.002066078665 0.1916913614 -0.9804522547
0.02630223198 0.0283841772 0.01618529265 -0.6767691284 -0.7304069637 0.08530339247
0.01830202244 0.04076980623 0.03112540186 0.4094834619 0.9121787389 -0
-0.002732514534 -0.03887375693 0.02294132787 0.07014808209 0.9967954403 0.02696105827
0.02349986416 -0.03799764357 0.0486601213 0.5257956695 -0.8502102741 -0
0.02525620896 -0.03685335827 0.05586981801 0.5650961378 -0.8246089227 -0
-0.03592924375 -0.01550169581 0.04205571725 0.9179415943 0.3960269259 0.0009986892635
0.00330049198 -0.02066594273 0.004426867737 -0.0046114055 0.01583697848 -0.9999019117
0.006786945966 0.04416892592 0.02934505256 0.1518331993 0.9882983323 -0
0.04134415213 -0.01693357609 0.03404328969 0.9250693545 -0.3788990231 -0
0.01940154903 -0.01549632221 0.008356530223 0.03975901858 -0.03181120056 0.9986947616
0.03902590716 0.02175479211 0.02500783442 0.8731887966 0.486743843 -0
0.01932720659 0.04028051396 0.05053956653 0.4324918565 0.9012570205 -0
-0.0128336491 -0.03663742236 0.01857169519 0.3298684666 0.9417312387 0.0563036243
0.002861184131 -0.07061085137 0.03225812464 0.1625255066 0.9260621914 0.3334006479
0.006017674232 0.03860224148 0.02794673681 -0.1539079622 -0.9879377744 0.01329009502
0.02791634314 0.02918760089 0.06829248725 -0.6739493394 -0.7046410927 0.2201765783
0.01474368648 -0.009739797562 0.004466431474 -0.00958769416 0.003360378873 -0.9999898464
0.03197582986 0.03120821268 0.03407935816 0.7154537312 0.6983589335 -0
